0.05496 54.96
0.12708 57.105
0.13124 59.5019
0.23028 64.9641
0.23444 70.2636
0.2386 74.9007
0.24276 79.4781
0.29724 77.9133
0.3014 77.0642
0.30556 76.3211
0.30972 76.191
0.31388 76.0771
0.31804 76.4975
0.33052 77.9053
0.33468 79.6571
0.36716 78.44
0.37132 77.895
0.37548 77.4181
0.37964 77.5209
0.39212 78.6507
0.4046 81.1994
0.41708 84.4695
0.42956 88.8908
0.43372 92.7594
0.43788 96.6645
0.44204 100.081
0.4462 103.591
0.45036 105.622
0.45452 107.92
0.45868 109.93
0.46284 112.208
0.467 110.662
0.47532 110.35
0.47948 110.076
0.48364 110.356
0.4878 110.602
0.49196 111.337
0.49612 111.98
0.50028 113.062
0.50444 112.969
0.5086 111.848
0.51276 109.827
0.51692 107.019
0.52108 104.561
0.52524 102.411
0.5294 100.53
0.53356 98.8836
0.53772 97.4431
0.54188 96.1828
0.54604 95.0799
0.5502 94.1149
0.55436 93.2706
0.55852 92.0117
0.56268 90.9103
0.56684 89.9465
0.571 89.1032
0.57516 88.3653
0.57932 87.7196
0.58348 87.1547
0.58764 86.6603
0.5918 86.2278
0.59596 85.8493
0.60012 85.5182
0.60428 85.2284
0.60844 84.9748
0.6126 84.753
0.61676 84.5589
0.62092 84.389
0.62508 84.2404
0.62924 84.1103
0.6334 83.9965
0.63756 83.897
0.64588 84.3298
0.65004 84.7086
0.6542 85.04
0.65836 85.33
0.66252 85.5838
0.66668 85.8058
0.67084 86.0001
0.675 86.1701
0.67916 86.3188
0.68332 86.449
0.68748 86.5628
0.69996 87.7025
0.70412 88.6997
0.70828 89.5722
0.71244 90.3357
0.7166 91.0037
0.72076 91.5883
0.72492 92.0997
0.72908 92.5473
0.73324 92.9389
0.7374 92.7615
0.74156 92.6063
0.75404 93.5105
0.76236 94.8217
0.76652 95.969
0.77068 96.9729
0.77484 97.8513
0.779 98.6199
0.78316 99.2924
0.78732 99.8808
0.79148 100.396
0.79564 99.8063
0.7998 99.2905
0.81228 99.8792
0.81644 100.394
0.8206 100.845
0.82476 101.239
0.82892 101.584
0.83308 101.886
0.83724 102.151
0.8414 102.382
0.84556 102.584
0.84972 101.721
0.85388 100.446
0.8622 99.8502
0.87052 99.8489
0.87468 99.8478
0.87884 99.8468
0.883 99.846
0.88716 99.8452
0.89132 99.8446
0.89548 99.844
0.89964 99.8435
0.9038 98.8031
0.90796 97.8927
0.91212 97.0961
0.91628 96.3991
0.92044 95.7892
0.9246 95.2555
0.92876 94.7886
0.93292 94.38
0.93708 94.0225
0.94124 93.7097
0.9454 93.436
0.94956 92.6765
0.95372 91.4919
0.95788 90.4554
0.96204 89.5485
0.9662 88.7549
0.97036 88.0606
0.97452 87.453
0.97868 86.9214
0.98284 86.4562
0.987 86.0492
0.99116 85.693
0.99532 85.3814
0.99948 85.1087
1.00364 84.8701
1.0078 84.6614
1.01196 84.4787
1.01612 84.3189
1.02028 84.179
1.02444 84.0566
1.0286 83.9496
1.03276 83.8559
1.03692 83.7739
1.04108 83.7021
1.04524 83.6394
1.0494 83.5845
1.05356 83.5364
1.05772 83.4943
1.06188 83.4576
1.06604 83.4254
1.0702 83.3972
1.07436 83.3725
1.07852 83.351
1.08268 83.3321
1.08684 83.3156
1.091 83.3011
1.09516 83.2885
1.09932 83.2774
1.10348 83.2678
1.10764 83.2593
1.1118 83.2519
1.11596 83.2454
1.12012 83.2397
1.12428 83.2348
1.12844 83.2304
1.1326 83.2266
1.13676 83.2233
1.14092 83.2204
1.14508 83.2178
1.14924 83.2156
1.1534 83.2136
1.15756 83.2119
1.16172 83.2104
1.16588 83.2091
1.17004 83.208
1.1742 83.207
1.17836 83.2061
1.18252 83.2054
1.18668 83.2047
1.19084 83.2041
1.195 83.2036
1.19916 83.2031
1.20748 83.7227
1.21164 84.1774
1.2158 84.5752
1.21996 84.9233
1.22412 85.2279
1.22828 85.4944
1.23244 85.7276
1.2366 85.9317
1.24076 86.1102
1.24492 86.2664
1.24908 86.4031
1.26156 87.5627
1.26572 88.5774
1.26988 89.4652
1.27404 90.2421
1.2782 90.9218
1.28236 91.5166
1.28652 92.037
1.29068 92.4924
1.29484 92.8908
1.299 92.7195
1.30316 92.5695
1.31148 92.9584
1.32396 94.3386
1.32812 95.5462
1.33228 96.603
1.33644 97.5276
1.3406 98.3366
1.34476 99.0446
1.34892 99.664
1.35308 100.206
1.35724 99.6402
1.3614 99.1452
1.36972 99.2321
1.37388 99.3081
1.3822 99.8945
1.38636 100.408
1.39052 100.857
1.39468 101.25
1.39884 101.593
1.403 101.894
1.40716 102.157
1.41132 101.868
1.41548 100.574
1.4238 99.9625
1.42796 99.4272
1.43212 98.9588
1.4446 99.589
1.44876 100.14
1.45292 100.623
1.45708 101.045
1.46124 101.414
1.4654 101.738
1.46956 101.5
1.47372 101.293
1.48204 101.111
1.4862 100.952
1.49036 100.813
1.49452 100.692
1.50284 101.105
1.507 101.467
1.51116 101.784
1.51532 102.061
1.51948 102.303
1.52364 101.995
1.5278 101.726
1.53196 101.49
1.53612 100.244
1.54028 99.1533
1.54444 98.1992
1.5486 97.3643
1.55276 96.6337
1.55692 95.9945
1.56108 95.4352
1.56524 94.9458
1.5694 93.9976
1.57356 93.1679
1.57772 92.4419
1.58188 91.8067
1.58604 90.7308
1.5902 89.7895
1.59436 88.9658
1.59852 88.2451
1.60268 87.6144
1.60684 87.0626
1.611 86.5798
1.61516 86.1573
1.61932 85.7877
1.62348 85.4642
1.62764 85.1812
1.6318 84.9335
1.63596 84.7168
1.64012 84.5272
1.64428 84.3613
1.64844 84.2162
1.6526 84.0891
1.65676 83.978
1.66092 83.8808
1.66508 83.7957
1.66924 83.7212
1.6734 83.656
1.67756 83.599
1.68172 83.5492
1.69004 84.0255
1.6942 84.4423
1.69836 84.807
1.70252 85.1262
1.70668 85.4054
1.71084 85.6497
1.715 85.8635
1.71916 86.0506
1.72332 86.2142
1.72748 86.3575
1.73164 86.4828
1.74412 87.6324
1.74828 88.6384
1.75244 89.5186
1.7566 90.2888
1.76076 90.9627
1.76492 91.5523
1.76908 92.0683
1.77324 92.5198
1.7774 92.9148
1.78156 92.7404
1.78572 92.5879
1.79404 92.9744
1.80236 93.8326
1.80652 94.5835
1.81068 95.2406
1.81484 95.8155
1.819 96.3186
1.82316 96.7587
1.82732 97.1439
1.83148 97.4809
1.83564 96.7358
1.8398 96.0838
1.85228 96.5533
1.85644 96.9642
1.86476 97.8437
1.86892 98.6132
1.87308 99.2866
1.87724 99.8757
1.8814 100.391
1.88556 100.842
1.88972 101.237
1.89388 101.062
1.89804 100.39
1.90636 100.321
1.91468 100.781
1.91884 101.183
1.923 101.535
1.92716 101.843
1.93132 102.113
1.93548 102.349
1.93964 102.555
1.9438 102.736
1.94796 101.854
1.95212 101.082
1.96044 100.407
1.9646 99.816
1.97292 99.819
1.97708 99.8216
1.98124 99.8239
1.9854 99.8259
1.98956 99.8277
1.99372 99.8292
1.99788 99.8306
2.00204 99.3118
2.0062 98.3378
2.01452 98.0056
2.01868 97.7149
2.02284 97.4605
2.03116 97.7579
2.03532 98.0182
2.03948 98.2459
2.04364 98.4452
2.0478 98.6195
2.05196 98.7721
2.05612 98.3856
2.06028 98.0474
2.0686 97.7515
2.07276 97.4925
2.07692 97.266
2.08108 97.0677
2.08524 96.8943
2.0894 96.7425
2.09356 96.6097
2.09772 96.4935
2.10188 96.3918
2.10604 95.7828
2.1102 95.25
2.11436 94.7837
2.12684 94.8957
2.131 94.9938
2.13516 95.0796
2.13932 95.1546
2.14348 95.2203
2.14764 95.2777
2.1518 95.328
2.15596 95.372
2.16012 94.8905
2.16428 94.4692
2.16844 94.1006
2.18092 94.818
2.18924 95.9657
2.1934 96.97
2.19756 97.8488
2.20172 98.6177
2.20588 99.2905
2.21004 99.8792
2.2142 100.394
2.21836 100.845
2.22252 100.199
2.22668 99.6344
2.23084 99.1401
2.24332 99.7476
2.24748 100.279
2.25164 100.744
2.2558 101.151
2.25996 101.507
2.26412 101.819
2.26828 102.092
2.27244 102.33
2.2766 101.499
2.28076 100.251
2.28492 99.1601
2.29324 98.725
2.30572 99.3844
2.30988 99.9614
2.31404 100.466
2.3182 100.908
2.32236 101.294
2.32652 101.633
2.33068 101.929
2.33484 102.187
2.339 101.374
2.34316 100.662
2.35148 100.56
2.35564 100.47
2.36396 100.911
2.36812 101.297
2.37228 101.635
2.37644 101.931
2.3806 102.189
2.38476 102.416
2.38892 102.614
2.39308 102.267
2.39724 100.924
2.4014 99.7481
2.40556 98.7196
2.40972 97.8196
2.41388 97.0322
2.41804 96.3432
2.4222 95.7403
2.42636 95.2127
2.43052 94.7511
2.43468 94.3472
2.43884 93.4738
2.443 92.7096
2.44716 91.5209
2.45132 90.4808
2.45548 89.5707
2.45964 88.7744
2.4638 88.0776
2.46796 87.4679
2.47212 86.9344
2.47628 86.4676
2.48044 86.0591
2.4846 85.7017
2.48876 85.389
2.49292 85.1154
2.49708 84.876
2.50124 84.6665
2.5054 84.4832
2.50956 84.3228
2.51372 84.1824
2.51788 84.0596
2.52204 83.9522
2.5262 83.8581
2.53036 83.7759
2.53452 83.7039
2.53868 83.6409
2.54284 83.5858
2.55116 84.0576
2.55532 84.4704
2.55948 84.8316
2.56364 85.1476
2.5678 85.4242
2.57196 85.6662
2.57612 85.8779
2.58028 86.0631
2.58444 86.2253
2.5886 86.3671
2.59276 86.4912
2.60524 87.6398
2.6094 88.6448
2.61356 89.5242
2.61772 90.2937
2.62188 90.967
2.62604 91.5561
2.6302 92.0716
2.63436 92.5227
2.63852 92.9173
2.64268 92.7427
2.64684 92.5898
2.65516 92.9761
2.66348 93.8341
2.66764 94.5848
2.6718 95.2417
2.67596 95.8165
2.68012 96.3194
2.68428 96.7595
2.68844 97.1446
2.6926 97.4815
2.69676 96.7363
2.70092 96.0843
2.7134 96.5537
2.71756 96.9645
2.72588 97.844
2.73004 98.6135
2.7342 99.2868
2.73836 99.8759
2.74252 100.391
2.74668 100.843
2.75084 101.237
2.755 101.063
2.75916 100.39
2.76748 100.321
2.7758 100.781
2.77996 101.183
2.78412 101.535
2.78828 101.843
2.79244 102.113
2.7966 102.349
2.80076 102.555
2.80492 102.736
2.80908 101.854
2.81324 101.082
2.82156 100.407
2.82572 99.816
2.83404 99.819
2.8382 99.8216
2.84236 99.8239
2.84652 99.8259
2.85068 99.8277
2.85484 99.8292
2.859 99.8306
2.86316 99.3118
2.86732 98.3378
2.87564 98.0056
2.8798 97.7149
2.88396 97.4605
2.89228 97.7579
2.89644 98.0182
2.9006 98.2459
2.90476 98.4452
2.90892 98.6195
2.91308 98.7721
2.91724 98.3856
2.9214 98.0474
2.92972 97.7515
2.93388 97.4925
2.93804 97.266
2.9422 97.0677
2.94636 96.8943
2.95052 96.7425
2.95468 96.6097
2.95884 96.4935
2.963 96.3918
2.96716 95.7828
2.97132 95.25
2.97548 94.7837
2.98796 94.8957
2.99212 94.9938
2.99628 95.0796
3.00044 95.1546
3.0046 95.2203
3.00876 95.2777
3.01292 95.328
3.01708 95.372
3.02124 94.8905
3.0254 94.4692
3.02956 94.1006
3.04204 94.818
3.05036 95.9657
3.05452 96.97
3.05868 97.8488
3.06284 98.6177
3.067 99.2905
3.07116 99.8792
3.07532 100.394
3.07948 100.845
3.08364 100.199
3.0878 99.6344
3.09196 99.1401
3.10444 99.7476
3.1086 100.279
3.11276 100.744
3.11692 101.151
3.12108 101.507
3.12524 101.819
3.1294 102.092
3.13356 102.33
3.13772 101.499
3.14188 100.251
3.14604 99.1601
3.15436 98.725
3.16684 99.3844
3.171 99.9614
3.17516 100.466
3.17932 100.908
3.18348 101.294
3.18764 101.633
3.1918 101.929
3.19596 102.187
3.20012 101.374
3.20428 100.662
3.2126 100.56
3.21676 100.47
3.22508 100.911
3.22924 101.297
3.2334 101.635
3.23756 101.931
3.24172 102.189
3.24588 102.416
3.25004 102.614
3.2542 102.267
3.25836 100.924
3.26252 99.7481
3.26668 98.7196
3.27084 97.8196
3.275 97.0322
3.27916 96.3432
3.28332 95.7403
3.28748 95.2127
3.29164 94.7511
3.2958 94.3472
3.29996 93.4738
3.30412 92.7096
3.30828 91.5209
3.31244 90.4808
3.3166 89.5707
3.32076 88.7744
3.32492 88.0776
3.32908 87.4679
3.33324 86.9344
3.3374 86.4676
3.34156 86.0591
3.34572 85.7017
3.34988 85.389
3.35404 85.1154
3.3582 84.876
3.36236 84.6665
3.36652 84.4832
3.37068 84.3228
3.37484 84.1824
3.379 84.0596
3.38316 83.9522
3.38732 83.8581
3.39148 83.7759
3.39564 83.7039
3.3998 83.6409
3.40396 83.5858
3.41228 84.0576
3.41644 84.4704
3.4206 84.8316
3.42476 85.1476
3.42892 85.4242
3.43308 85.6662
3.43724 85.8779
3.4414 86.0631
3.44556 86.2253
3.44972 86.3671
3.45388 86.4912
3.46636 87.6398
3.47052 88.6448
3.47468 89.5242
3.47884 90.2937
3.483 90.967
3.48716 91.5561
3.49132 92.0716
3.49548 92.5227
3.49964 92.9173
3.5038 92.7427
3.50796 92.5898
3.51628 92.9761
3.5246 93.8341
3.52876 94.5848
3.53292 95.2417
3.53708 95.8165
3.54124 96.3194
3.5454 96.7595
3.54956 97.1446
3.55372 97.4815
3.55788 96.7363
3.56204 96.0843
3.57452 96.5537
3.57868 96.9645
3.587 97.844
3.59116 98.6135
3.59532 99.2868
3.59948 99.8759
3.60364 100.391
3.6078 100.843
3.61196 101.237
3.61612 101.063
3.62028 100.39
3.6286 100.321
3.63692 100.781
3.64108 101.183
3.64524 101.535
3.6494 101.843
3.65356 102.113
3.65772 102.349
3.66188 102.555
3.66604 102.736
3.6702 101.854
3.67436 101.082
3.68268 100.407
3.68684 99.816
3.69516 99.819
3.69932 99.8216
3.70348 99.8239
3.70764 99.8259
3.7118 99.8277
3.71596 99.8292
3.72012 99.8306
3.72428 99.3118
3.72844 98.3378
3.73676 98.0056
3.74092 97.7149
3.74508 97.4605
3.7534 97.7579
3.75756 98.0182
3.76172 98.2459
3.76588 98.4452
3.77004 98.6195
3.7742 98.7721
3.77836 98.3856
3.78252 98.0474
3.79084 97.7515
3.795 97.4925
3.79916 97.266
3.80332 97.0677
3.80748 96.8943
3.81164 96.7425
3.8158 96.6097
3.81996 96.4935
3.82412 96.3918
3.82828 95.7828
3.83244 95.25
3.8366 94.7837
3.84908 94.8957
3.85324 94.9938
3.8574 95.0796
3.86156 95.1546
3.86572 95.2203
3.86988 95.2777
3.87404 95.328
3.8782 95.372
3.88236 94.8905
3.88652 94.4692
3.89068 94.1006
3.90316 94.818
3.91148 95.9657
3.91564 96.97
3.9198 97.8488
3.92396 98.6177
3.92812 99.2905
3.93228 99.8792
3.93644 100.394
3.9406 100.845
3.94476 100.199
3.94892 99.6344
3.95308 99.1401
3.96556 99.7476
3.96972 100.279
3.97388 100.744
3.97804 101.151
3.9822 101.507
3.98636 101.819
3.99052 102.092
3.99468 102.33
3.99884 101.499
4.003 100.251
4.00716 99.1601
4.01548 98.725
4.02796 99.3844
4.03212 99.9614
4.03628 100.466
4.04044 100.908
4.0446 101.294
4.04876 101.633
4.05292 101.929
4.05708 102.187
4.06124 101.374
4.0654 100.662
4.07372 100.56
4.07788 100.47
4.0862 100.911
4.09036 101.297
4.09452 101.635
4.09868 101.931
4.10284 102.189
4.107 102.416
4.11116 102.614
4.11532 102.267
4.11948 100.924
4.12364 99.7481
4.1278 98.7196
4.13196 97.8196
4.13612 97.0322
4.14028 96.3432
4.14444 95.7403
4.1486 95.2127
4.15276 94.7511
4.15692 94.3472
4.16108 93.4738
4.16524 92.7096
4.1694 91.5209
4.17356 90.4808
4.17772 89.5707
4.18188 88.7744
4.18604 88.0776
4.1902 87.4679
4.19436 86.9344
4.19852 86.4676
4.20268 86.0591
4.20684 85.7017
4.211 85.389
4.21516 85.1154
4.21932 84.876
4.22348 84.6665
4.22764 84.4832
4.2318 84.3228
4.23596 84.1824
4.24012 84.0596
4.24428 83.9522
4.24844 83.8581
4.2526 83.7759
4.25676 83.7039
4.26092 83.6409
4.26508 83.5858
4.2734 84.0576
4.27756 84.4704
4.28172 84.8316
4.28588 85.1476
4.29004 85.4242
4.2942 85.6662
4.29836 85.8779
4.30252 86.0631
4.30668 86.2253
4.31084 86.3671
4.315 86.4912
4.32748 87.6398
4.33164 88.6448
4.3358 89.5242
4.33996 90.2937
4.34412 90.967
4.34828 91.5561
4.35244 92.0716
4.3566 92.5227
4.36076 92.9173
4.36492 92.7427
4.36908 92.5898
4.3774 92.9761
4.38572 93.8341
4.38988 94.5848
4.39404 95.2417
4.3982 95.8165
4.40236 96.3194
4.40652 96.7595
4.41068 97.1446
4.41484 97.4815
4.419 96.7363
4.42316 96.0843
4.43564 96.5537
4.4398 96.9645
4.44812 97.844
4.45228 98.6135
4.45644 99.2868
4.4606 99.8759
4.46476 100.391
4.46892 100.843
4.47308 101.237
4.47724 101.063
4.4814 100.39
4.48972 100.321
4.49804 100.781
4.5022 101.183
4.50636 101.535
4.51052 101.843
4.51468 102.113
4.51884 102.349
4.523 102.555
4.52716 102.736
4.53132 101.854
4.53548 101.082
4.5438 100.407
4.54796 99.816
4.55628 99.819
4.56044 99.8216
4.5646 99.8239
4.56876 99.8259
4.57292 99.8277
4.57708 99.8292
4.58124 99.8306
4.5854 99.3118
4.58956 98.3378
4.59788 98.0056
4.60204 97.7149
4.6062 97.4605
4.61452 97.7579
4.61868 98.0182
4.62284 98.2459
4.627 98.4452
4.63116 98.6195
4.63532 98.7721
4.63948 98.3856
4.64364 98.0474
4.65196 97.7515
4.65612 97.4925
4.66028 97.266
4.66444 97.0677
4.6686 96.8943
4.67276 96.7425
4.67692 96.6097
4.68108 96.4935
4.68524 96.3918
4.6894 95.7828
4.69356 95.25
4.69772 94.7837
4.7102 94.8957
4.71436 94.9938
4.71852 95.0796
4.72268 95.1546
4.72684 95.2203
4.731 95.2777
4.73516 95.328
4.73932 95.372
4.74348 94.8905
4.74764 94.4692
4.7518 94.1006
4.76428 94.818
4.7726 95.9657
4.77676 96.97
4.78092 97.8488
4.78508 98.6177
4.78924 99.2905
4.7934 99.8792
4.79756 100.394
4.80172 100.845
4.80588 100.199
4.81004 99.6344
4.8142 99.1401
4.82668 99.7476
4.83084 100.279
4.835 100.744
4.83916 101.151
4.84332 101.507
4.84748 101.819
4.85164 102.092
4.8558 102.33
4.85996 101.499
4.86412 100.251
4.86828 99.1601
4.8766 98.725
4.88908 99.3844
4.89324 99.9614
4.8974 100.466
4.90156 100.908
4.90572 101.294
4.90988 101.633
4.91404 101.929
4.9182 102.187
4.92236 101.374
4.92652 100.662
4.93484 100.56
4.939 100.47
4.94732 100.911
4.95148 101.297
4.95564 101.635
4.9598 101.931
4.96396 102.189
4.96812 102.416
4.97228 102.614
4.97644 102.267
4.9806 100.924
4.98476 99.7481
4.98892 98.7196
4.99308 97.8196
4.99724 97.0322
5.0014 96.3432
5.00556 95.7403
5.00972 95.2127
5.01388 94.7511
5.01804 94.3472
5.0222 93.4738
5.02636 92.7096
5.03052 91.5209
5.03468 90.4808
5.03884 89.5707
5.043 88.7744
5.04716 88.0776
5.05132 87.4679
5.05548 86.9344
5.05964 86.4676
5.0638 86.0591
5.06796 85.7017
5.07212 85.389
5.07628 85.1154
5.08044 84.876
5.0846 84.6665
5.08876 84.4832
5.09292 84.3228
5.09708 84.1824
5.10124 84.0596
5.1054 83.9522
5.10956 83.8581
5.11372 83.7759
5.11788 83.7039
5.12204 83.6409
5.1262 83.5858
5.13452 84.0576
5.13868 84.4704
5.14284 84.8316
5.147 85.1476
5.15116 85.4242
5.15532 85.6662
5.15948 85.8779
5.16364 86.0631
5.1678 86.2253
5.17196 86.3671
5.17612 86.4912
5.1886 87.6398
5.19276 88.6448
5.19692 89.5242
5.20108 90.2937
5.20524 90.967
5.2094 91.5561
5.21356 92.0716
5.21772 92.5227
5.22188 92.9173
5.22604 92.7427
5.2302 92.5898
5.23852 92.9761
5.24684 93.8341
5.251 94.5848
5.25516 95.2417
5.25932 95.8165
5.26348 96.3194
5.26764 96.7595
5.2718 97.1446
5.27596 97.4815
5.28012 96.7363
5.28428 96.0843
5.29676 96.5537
5.30092 96.9645
5.30924 97.844
5.3134 98.6135
5.31756 99.2868
5.32172 99.8759
5.32588 100.391
5.33004 100.843
5.3342 101.237
5.33836 101.063
5.34252 100.39
5.35084 100.321
5.35916 100.781
5.36332 101.183
5.36748 101.535
5.37164 101.843
5.3758 102.113
5.37996 102.349
5.38412 102.555
5.38828 102.736
5.39244 101.854
5.3966 101.082
5.40492 100.407
5.40908 99.816
5.4174 99.819
5.42156 99.8216
5.42572 99.8239
5.42988 99.8259
5.43404 99.8277
5.4382 99.8292
5.44236 99.8306
5.44652 99.3118
5.45068 98.3378
5.459 98.0056
5.46316 97.7149
5.46732 97.4605
5.47564 97.7579
5.4798 98.0182
5.48396 98.2459
5.48812 98.4452
5.49228 98.6195
5.49644 98.7721
5.5006 98.3856
5.50476 98.0474
5.51308 97.7515
5.51724 97.4925
5.5214 97.266
5.52556 97.0677
5.52972 96.8943
5.53388 96.7425
5.53804 96.6097
5.5422 96.4935
5.54636 96.3918
5.55052 95.7828
5.55468 95.25
5.55884 94.7837
5.57132 94.8957
5.57548 94.9938
5.57964 95.0796
5.5838 95.1546
5.58796 95.2203
5.59212 95.2777
5.59628 95.328
5.60044 95.372
5.6046 94.8905
5.60876 94.4692
5.61292 94.1006
5.6254 94.818
5.63372 95.9657
5.63788 96.97
5.64204 97.8488
5.6462 98.6177
5.65036 99.2905
5.65452 99.8792
5.65868 100.394
5.66284 100.845
5.667 100.199
5.67116 99.6344
5.67532 99.1401
5.6878 99.7476
5.69196 100.279
5.69612 100.744
5.70028 101.151
5.70444 101.507
5.7086 101.819
5.71276 102.092
5.71692 102.33
5.72108 101.499
5.72524 100.251
5.7294 99.1601
5.73772 98.725
5.7502 99.3844
5.75436 99.9614
5.75852 100.466
5.76268 100.908
5.76684 101.294
5.771 101.633
5.77516 101.929
5.77932 102.187
5.78348 101.374
5.78764 100.662
5.79596 100.56
5.80012 100.47
5.80844 100.911
5.8126 101.297
5.81676 101.635
5.82092 101.931
5.82508 102.189
5.82924 102.416
5.8334 102.614
5.83756 102.267
5.84172 100.924
5.84588 99.7481
5.85004 98.7196
5.8542 97.8196
5.85836 97.0322
5.86252 96.3432
5.86668 95.7403
5.87084 95.2127
5.875 94.7511
5.87916 94.3472
5.88332 93.4738
5.88748 92.7096
5.89164 91.5209
5.8958 90.4808
5.89996 89.5707
5.90412 88.7744
5.90828 88.0776
5.91244 87.4679
5.9166 86.9344
5.92076 86.4676
5.92492 86.0591
5.92908 85.7017
5.93324 85.389
5.9374 85.1154
5.94156 84.876
5.94572 84.6665
5.94988 84.4832
5.95404 84.3228
5.9582 84.1824
5.96236 84.0596
5.96652 83.9522
5.97068 83.8581
5.97484 83.7759
5.979 83.7039
5.98316 83.6409
5.98732 83.5858
5.99564 84.0576
5.9998 84.4704
6.00396 84.8316
6.00812 85.1476
6.01228 85.4242
6.01644 85.6662
6.0206 85.8779
6.02476 86.0631
6.02892 86.2253
6.03308 86.3671
6.03724 86.4912
6.04972 87.6398
6.05388 88.6448
6.05804 89.5242
6.0622 90.2937
6.06636 90.967
6.07052 91.5561
6.07468 92.0716
6.07884 92.5227
6.083 92.9173
6.08716 92.7427
6.09132 92.5898
6.09964 92.9761
6.10796 93.8341
6.11212 94.5848
6.11628 95.2417
6.12044 95.8165
6.1246 96.3194
6.12876 96.7595
6.13292 97.1446
6.13708 97.4815
6.14124 96.7363
6.1454 96.0843
6.15788 96.5537
6.16204 96.9645
6.17036 97.844
6.17452 98.6135
6.17868 99.2868
6.18284 99.8759
6.187 100.391
6.19116 100.843
6.19532 101.237
6.19948 101.063
6.20364 100.39
6.21196 100.321
6.22028 100.781
6.22444 101.183
6.2286 101.535
6.23276 101.843
6.23692 102.113
6.24108 102.349
6.24524 102.555
6.2494 102.736
6.25356 101.854
6.25772 101.082
6.26604 100.407
6.2702 99.816
6.27852 99.819
6.28268 99.8216
6.28684 99.8239
6.291 99.8259
6.29516 99.8277
6.29932 99.8292
6.30348 99.8306
6.30764 99.3118
6.3118 98.3378
6.32012 98.0056
6.32428 97.7149
6.32844 97.4605
6.33676 97.7579
6.34092 98.0182
6.34508 98.2459
6.34924 98.4452
6.3534 98.6195
6.35756 98.7721
6.36172 98.3856
6.36588 98.0474
6.3742 97.7515
6.37836 97.4925
6.38252 97.266
6.38668 97.0677
6.39084 96.8943
6.395 96.7425
6.39916 96.6097
6.40332 96.4935
6.40748 96.3918
6.41164 95.7828
6.4158 95.25
6.41996 94.7837
6.43244 94.8957
6.4366 94.9938
6.44076 95.0796
6.44492 95.1546
6.44908 95.2203
6.45324 95.2777
6.4574 95.328
6.46156 95.372
6.46572 94.8905
6.46988 94.4692
6.47404 94.1006
6.48652 94.818
6.49484 95.9657
6.499 96.97
6.50316 97.8488
6.50732 98.6177
6.51148 99.2905
6.51564 99.8792
6.5198 100.394
6.52396 100.845
6.52812 100.199
6.53228 99.6344
6.53644 99.1401
6.54892 99.7476
6.55308 100.279
6.55724 100.744
6.5614 101.151
6.56556 101.507
6.56972 101.819
6.57388 102.092
6.57804 102.33
6.5822 101.499
6.58636 100.251
6.59052 99.1601
6.59884 98.725
6.61132 99.3844
6.61548 99.9614
6.61964 100.466
6.6238 100.908
6.62796 101.294
6.63212 101.633
6.63628 101.929
6.64044 102.187
6.6446 101.374
6.64876 100.662
6.65708 100.56
6.66124 100.47
6.66956 100.911
6.67372 101.297
6.67788 101.635
6.68204 101.931
6.6862 102.189
6.69036 102.416
6.69452 102.614
6.69868 102.267
6.70284 100.924
6.707 99.7481
6.71116 98.7196
6.71532 97.8196
6.71948 97.0322
6.72364 96.3432
6.7278 95.7403
6.73196 95.2127
6.73612 94.7511
6.74028 94.3472
6.74444 93.4738
6.7486 92.7096
6.75276 91.5209
6.75692 90.4808
6.76108 89.5707
6.76524 88.7744
6.7694 88.0776
6.77356 87.4679
6.77772 86.9344
6.78188 86.4676
6.78604 86.0591
6.7902 85.7017
6.79436 85.389
6.79852 85.1154
6.80268 84.876
6.80684 84.6665
6.811 84.4832
6.81516 84.3228
6.81932 84.1824
6.82348 84.0596
6.82764 83.9522
6.8318 83.8581
6.83596 83.7759
6.84012 83.7039
6.84428 83.6409
6.84844 83.5858
6.85676 84.0576
6.86092 84.4704
6.86508 84.8316
6.86924 85.1476
6.8734 85.4242
6.87756 85.6662
6.88172 85.8779
6.88588 86.0631
6.89004 86.2253
6.8942 86.3671
6.89836 86.4912
6.91084 87.6398
6.915 88.6448
6.91916 89.5242
6.92332 90.2937
6.92748 90.967
6.93164 91.5561
6.9358 92.0716
6.93996 92.5227
6.94412 92.9173
6.94828 92.7427
6.95244 92.5898
6.96076 92.9761
6.96908 93.8341
6.97324 94.5848
6.9774 95.2417
6.98156 95.8165
6.98572 96.3194
6.98988 96.7595
6.99404 97.1446
6.9982 97.4815
7.00236 96.7363
7.00652 96.0843
7.019 96.5537
7.02316 96.9645
7.03148 97.844
7.03564 98.6135
7.0398 99.2868
7.04396 99.8759
7.04812 100.391
7.05228 100.843
7.05644 101.237
7.0606 101.063
7.06476 100.39
7.07308 100.321
7.0814 100.781
7.08556 101.183
7.08972 101.535
7.09388 101.843
7.09804 102.113
7.1022 102.349
7.10636 102.555
7.11052 102.736
7.11468 101.854
7.11884 101.082
7.12716 100.407
7.13132 99.816
7.13964 99.819
7.1438 99.8216
7.14796 99.8239
7.15212 99.8259
7.15628 99.8277
7.16044 99.8292
7.1646 99.8306
7.16876 99.3118
7.17292 98.3378
7.18124 98.0056
7.1854 97.7149
7.18956 97.4605
7.19788 97.7579
7.20204 98.0182
7.2062 98.2459
7.21036 98.4452
7.21452 98.6195
7.21868 98.7721
7.22284 98.3856
7.227 98.0474
7.23532 97.7515
7.23948 97.4925
7.24364 97.266
7.2478 97.0677
7.25196 96.8943
7.25612 96.7425
7.26028 96.6097
7.26444 96.4935
7.2686 96.3918
7.27276 95.7828
7.27692 95.25
7.28108 94.7837
7.29356 94.8957
7.29772 94.9938
7.30188 95.0796
7.30604 95.1546
7.3102 95.2203
7.31436 95.2777
7.31852 95.328
7.32268 95.372
7.32684 94.8905
7.331 94.4692
7.33516 94.1006
7.34764 94.818
7.35596 95.9657
7.36012 96.97
7.36428 97.8488
7.36844 98.6177
7.3726 99.2905
7.37676 99.8792
7.38092 100.394
7.38508 100.845
7.38924 100.199
7.3934 99.6344
7.39756 99.1401
7.41004 99.7476
7.4142 100.279
7.41836 100.744
7.42252 101.151
7.42668 101.507
7.43084 101.819
7.435 102.092
7.43916 102.33
7.44332 101.499
7.44748 100.251
7.45164 99.1601
7.45996 98.725
7.47244 99.3844
7.4766 99.9614
7.48076 100.466
7.48492 100.908
7.48908 101.294
7.49324 101.633
7.4974 101.929
7.50156 102.187
7.50572 101.374
7.50988 100.662
7.5182 100.56
7.52236 100.47
7.53068 100.911
7.53484 101.297
7.539 101.635
7.54316 101.931
7.54732 102.189
7.55148 102.416
7.55564 102.614
7.5598 102.267
7.56396 100.924
7.56812 99.7481
7.57228 98.7196
7.57644 97.8196
7.5806 97.0322
7.58476 96.3432
7.58892 95.7403
7.59308 95.2127
7.59724 94.7511
7.6014 94.3472
7.60556 93.4738
7.60972 92.7096
7.61388 91.5209
7.61804 90.4808
7.6222 89.5707
7.62636 88.7744
7.63052 88.0776
7.63468 87.4679
7.63884 86.9344
7.643 86.4676
7.64716 86.0591
7.65132 85.7017
7.65548 85.389
7.65964 85.1154
7.6638 84.876
7.66796 84.6665
7.67212 84.4832
7.67628 84.3228
7.68044 84.1824
7.6846 84.0596
7.68876 83.9522
7.69292 83.8581
7.69708 83.7759
7.70124 83.7039
7.7054 83.6409
7.70956 83.5858
7.71788 84.0576
7.72204 84.4704
7.7262 84.8316
7.73036 85.1476
7.73452 85.4242
7.73868 85.6662
7.74284 85.8779
7.747 86.0631
7.75116 86.2253
7.75532 86.3671
7.75948 86.4912
7.77196 87.6398
7.77612 88.6448
7.78028 89.5242
7.78444 90.2937
7.7886 90.967
7.79276 91.5561
7.79692 92.0716
7.80108 92.5227
7.80524 92.9173
7.8094 92.7427
7.81356 92.5898
7.82188 92.9761
7.8302 93.8341
7.83436 94.5848
7.83852 95.2417
7.84268 95.8165
7.84684 96.3194
7.851 96.7595
7.85516 97.1446
7.85932 97.4815
7.86348 96.7363
7.86764 96.0843
7.88012 96.5537
7.88428 96.9645
7.8926 97.844
7.89676 98.6135
7.90092 99.2868
7.90508 99.8759
7.90924 100.391
7.9134 100.843
7.91756 101.237
7.92172 101.063
7.92588 100.39
7.9342 100.321
7.94252 100.781
7.94668 101.183
7.95084 101.535
7.955 101.843
7.95916 102.113
7.96332 102.349
7.96748 102.555
7.97164 102.736
7.9758 101.854
7.97996 101.082
7.98828 100.407
7.99244 99.816
8.00076 99.819
8.00492 99.8216
8.00908 99.8239
8.01324 99.8259
8.0174 99.8277
8.02156 99.8292
8.02572 99.8306
8.02988 99.3118
8.03404 98.3378
8.04236 98.0056
8.04652 97.7149
8.05068 97.4605
8.059 97.7579
8.06316 98.0182
8.06732 98.2459
8.07148 98.4452
8.07564 98.6195
8.0798 98.7721
8.08396 98.3856
8.08812 98.0474
8.09644 97.7515
8.1006 97.4925
8.10476 97.266
8.10892 97.0677
8.11308 96.8943
8.11724 96.7425
8.1214 96.6097
8.12556 96.4935
8.12972 96.3918
8.13388 95.7828
8.13804 95.25
8.1422 94.7837
8.15468 94.8957
8.15884 94.9938
8.163 95.0796
8.16716 95.1546
8.17132 95.2203
8.17548 95.2777
8.17964 95.328
8.1838 95.372
8.18796 94.8905
8.19212 94.4692
8.19628 94.1006
8.20876 94.818
8.21708 95.9657
8.22124 96.97
8.2254 97.8488
8.22956 98.6177
8.23372 99.2905
8.23788 99.8792
8.24204 100.394
8.2462 100.845
8.25036 100.199
8.25452 99.6344
8.25868 99.1401
8.27116 99.7476
8.27532 100.279
8.27948 100.744
8.28364 101.151
8.2878 101.507
8.29196 101.819
8.29612 102.092
8.30028 102.33
8.30444 101.499
8.3086 100.251
8.31276 99.1601
8.32108 98.725
8.33356 99.3844
8.33772 99.9614
8.34188 100.466
8.34604 100.908
8.3502 101.294
8.35436 101.633
8.35852 101.929
8.36268 102.187
8.36684 101.374
8.371 100.662
8.37932 100.56
8.38348 100.47
8.3918 100.911
8.39596 101.297
8.40012 101.635
8.40428 101.931
8.40844 102.189
8.4126 102.416
8.41676 102.614
8.42092 102.267
8.42508 100.924
8.42924 99.7481
8.4334 98.7196
8.43756 97.8196
8.44172 97.0322
8.44588 96.3432
8.45004 95.7403
8.4542 95.2127
8.45836 94.7511
8.46252 94.3472
8.46668 93.4738
8.47084 92.7096
8.475 91.5209
8.47916 90.4808
8.48332 89.5707
8.48748 88.7744
8.49164 88.0776
8.4958 87.4679
8.49996 86.9344
8.50412 86.4676
8.50828 86.0591
8.51244 85.7017
8.5166 85.389
8.52076 85.1154
8.52492 84.876
8.52908 84.6665
8.53324 84.4832
8.5374 84.3228
8.54156 84.1824
8.54572 84.0596
8.54988 83.9522
8.55404 83.8581
8.5582 83.7759
8.56236 83.7039
8.56652 83.6409
8.57068 83.5858
8.579 84.0576
8.58316 84.4704
8.58732 84.8316
8.59148 85.1476
8.59564 85.4242
8.5998 85.6662
8.60396 85.8779
8.60812 86.0631
8.61228 86.2253
8.61644 86.3671
8.6206 86.4912
8.63308 87.6398
8.63724 88.6448
8.6414 89.5242
8.64556 90.2937
8.64972 90.967
8.65388 91.5561
8.65804 92.0716
8.6622 92.5227
8.66636 92.9173
8.67052 92.7427
8.67468 92.5898
8.683 92.9761
8.69132 93.8341
8.69548 94.5848
8.69964 95.2417
8.7038 95.8165
8.70796 96.3194
8.71212 96.7595
8.71628 97.1446
8.72044 97.4815
8.7246 96.7363
8.72876 96.0843
8.74124 96.5537
8.7454 96.9645
8.75372 97.844
8.75788 98.6135
8.76204 99.2868
8.7662 99.8759
8.77036 100.391
8.77452 100.843
8.77868 101.237
8.78284 101.063
8.787 100.39
8.79532 100.321
8.80364 100.781
8.8078 101.183
8.81196 101.535
8.81612 101.843
8.82028 102.113
8.82444 102.349
8.8286 102.555
8.83276 102.736
8.83692 101.854
8.84108 101.082
8.8494 100.407
8.85356 99.816
8.86188 99.819
8.86604 99.8216
8.8702 99.8239
8.87436 99.8259
8.87852 99.8277
8.88268 99.8292
8.88684 99.8306
8.891 99.3118
8.89516 98.3378
8.90348 98.0056
8.90764 97.7149
8.9118 97.4605
8.92012 97.7579
8.92428 98.0182
8.92844 98.2459
8.9326 98.4452
8.93676 98.6195
8.94092 98.7721
8.94508 98.3856
8.94924 98.0474
8.95756 97.7515
8.96172 97.4925
8.96588 97.266
8.97004 97.0677
8.9742 96.8943
8.97836 96.7425
8.98252 96.6097
8.98668 96.4935
8.99084 96.3918
8.995 95.7828
8.99916 95.25
9.00332 94.7837
9.0158 94.8957
9.01996 94.9938
9.02412 95.0796
9.02828 95.1546
9.03244 95.2203
9.0366 95.2777
9.04076 95.328
9.04492 95.372
9.04908 94.8905
9.05324 94.4692
9.0574 94.1006
9.06988 94.818
9.0782 95.9657
9.08236 96.97
9.08652 97.8488
9.09068 98.6177
9.09484 99.2905
9.099 99.8792
9.10316 100.394
9.10732 100.845
9.11148 100.199
9.11564 99.6344
9.1198 99.1401
9.13228 99.7476
9.13644 100.279
9.1406 100.744
9.14476 101.151
9.14892 101.507
9.15308 101.819
9.15724 102.092
9.1614 102.33
9.16556 101.499
9.16972 100.251
9.17388 99.1601
9.1822 98.725
9.19468 99.3844
9.19884 99.9614
9.203 100.466
9.20716 100.908
9.21132 101.294
9.21548 101.633
9.21964 101.929
9.2238 102.187
9.22796 101.374
9.23212 100.662
9.24044 100.56
9.2446 100.47
9.25292 100.911
9.25708 101.297
9.26124 101.635
9.2654 101.931
9.26956 102.189
9.27372 102.416
9.27788 102.614
9.28204 102.267
9.2862 100.924
9.29036 99.7481
9.29452 98.7196
9.29868 97.8196
9.30284 97.0322
9.307 96.3432
9.31116 95.7403
9.31532 95.2127
9.31948 94.7511
9.32364 94.3472
9.3278 93.4738
9.33196 92.7096
9.33612 91.5209
9.34028 90.4808
9.34444 89.5707
9.3486 88.7744
9.35276 88.0776
9.35692 87.4679
9.36108 86.9344
9.36524 86.4676
9.3694 86.0591
9.37356 85.7017
9.37772 85.389
9.38188 85.1154
9.38604 84.876
9.3902 84.6665
9.39436 84.4832
9.39852 84.3228
9.40268 84.1824
9.40684 84.0596
9.411 83.9522
9.41516 83.8581
9.41932 83.7759
9.42348 83.7039
9.42764 83.6409
9.4318 83.5858
9.44012 84.0576
9.44428 84.4704
9.44844 84.8316
9.4526 85.1476
9.45676 85.4242
9.46092 85.6662
9.46508 85.8779
9.46924 86.0631
9.4734 86.2253
9.47756 86.3671
9.48172 86.4912
9.4942 87.6398
9.49836 88.6448
9.50252 89.5242
9.50668 90.2937
9.51084 90.967
9.515 91.5561
9.51916 92.0716
9.52332 92.5227
9.52748 92.9173
9.53164 92.7427
9.5358 92.5898
9.54412 92.9761
9.55244 93.8341
9.5566 94.5848
9.56076 95.2417
9.56492 95.8165
9.56908 96.3194
9.57324 96.7595
9.5774 97.1446
9.58156 97.4815
9.58572 96.7363
9.58988 96.0843
9.60236 96.5537
9.60652 96.9645
9.61484 97.844
9.619 98.6135
9.62316 99.2868
9.62732 99.8759
9.63148 100.391
9.63564 100.843
9.6398 101.237
9.64396 101.063
9.64812 100.39
9.65644 100.321
9.66476 100.781
9.66892 101.183
9.67308 101.535
9.67724 101.843
9.6814 102.113
9.68556 102.349
9.68972 102.555
9.69388 102.736
9.69804 101.854
9.7022 101.082
9.71052 100.407
9.71468 99.816
9.723 99.819
9.72716 99.8216
9.73132 99.8239
9.73548 99.8259
9.73964 99.8277
9.7438 99.8292
9.74796 99.8306
9.75212 99.3118
9.75628 98.3378
9.7646 98.0056
9.76876 97.7149
9.77292 97.4605
9.78124 97.7579
9.7854 98.0182
9.78956 98.2459
9.79372 98.4452
9.79788 98.6195
9.80204 98.7721
9.8062 98.3856
9.81036 98.0474
9.81868 97.7515
9.82284 97.4925
9.827 97.266
9.83116 97.0677
9.83532 96.8943
9.83948 96.7425
9.84364 96.6097
9.8478 96.4935
9.85196 96.3918
9.85612 95.7828
9.86028 95.25
9.86444 94.7837
9.87692 94.8957
9.88108 94.9938
9.88524 95.0796
9.8894 95.1546
9.89356 95.2203
9.89772 95.2777
9.90188 95.328
9.90604 95.372
9.9102 94.8905
9.91436 94.4692
9.91852 94.1006
9.931 94.818
9.93932 95.9657
9.94348 96.97
9.94764 97.8488
9.9518 98.6177
9.95596 99.2905
9.96012 99.8792
9.96428 100.394
9.96844 100.845
9.9726 100.199
9.97676 99.6344
9.98092 99.1401
9.9934 99.7476
9.99756 100.279
