2 2
75 83 22 

13 1 
13 2 
14 1 
14 2 
12 10 
12 11 
13 10 
13 11 
8 10 
8 11 
9 10 
9 11 
1 12 
1 13 
2 12 
2 13 
9 1 
9 2 
10 1 
10 2 
2 7 
2 8 
3 7 
3 8 
5 4 
5 5 
6 4 
6 5 
8 1 
8 2 
0 6 
0 7 
1 6 
1 7 
7 1 
7 2 
11 8 
11 9 
12 8 
12 9 
13 9 
2 5 
2 6 
3 5 
3 6 
2 14 
3 13 
3 14 
7 10 
7 11 
14 12 
14 13 
15 12 
15 13 
12 3 
12 4 
13 3 
13 4 
1 8 
9 3 
9 4 
10 3 
10 4 
6 14 
6 15 
7 14 
7 15 
14 7 
14 8 
15 7 
15 8 
8 14 
8 15 
9 14 
9 15 

0 1 
2 3 
0 2 
1 3 
4 5 
6 7 
4 6 
5 7 
8 9 
10 11 
8 10 
9 11 
12 13 
14 15 
12 14 
13 15 
16 17 
18 19 
16 18 
17 19 
20 21 
22 23 
20 22 
21 23 
24 25 
26 27 
24 26 
25 27 
28 29 
28 16 
29 17 
30 31 
32 33 
30 32 
31 33 
34 35 
34 28 
35 29 
36 37 
38 39 
36 38 
37 39 
39 4 
40 6 
39 40 
41 42 
43 44 
41 43 
42 44 
15 45 
46 47 
15 46 
45 47 
48 49 
48 8 
49 9 
50 51 
52 53 
50 52 
51 53 
54 55 
56 57 
54 56 
55 57 
33 58 
33 20 
58 21 
59 60 
61 62 
59 61 
60 62 
63 64 
65 66 
63 65 
64 66 
67 68 
69 70 
67 69 
68 70 
71 72 
73 74 
71 73 
72 74 

0 1 2 3 
4 5 6 7 
8 9 10 11 
12 13 14 15 
16 17 18 19 
20 21 22 23 
24 25 26 27 
28 16 29 30 
31 32 33 34 
35 28 36 37 
38 39 40 41 
42 43 44 6 
45 46 47 48 
49 50 51 52 
53 8 54 55 
56 57 58 59 
60 61 62 63 
64 20 65 66 
67 68 69 70 
71 72 73 74 
75 76 77 78 
79 80 81 82 

