0.10000000000000001 20 1
0.20000000000000001 20 1
0.30000000000000004 20 1
0.40000000000000002 20 1
0.5 20 1
0.59999999999999998 20 1
0.69999999999999996 20 1
0.79999999999999993 20 1
0.89999999999999991 20 1
0.99999999999999989 20 1
1.0999999999999999 20 2
1.2 20 4
1.3 20 11
1.4000000000000001 20 20.0999
1.5000000000000002 20 20.689
1.6000000000000003 10 1
1.7000000000000004 10 2
1.8000000000000005 10 3
1.9000000000000006 10 7
2.0000000000000004 10 10.4904
2.1000000000000005 10 11.5822
2.2000000000000006 10 12.579
2.3000000000000007 10 13.5019
2.4000000000000008 10 14.3654
2.5000000000000009 10 15.1796
2.600000000000001 10 15.9521
2.7000000000000011 10 16.6887
2.8000000000000012 10 17.3941
2.9000000000000012 10 18.0719
3.0000000000000013 10 18.7251
3.1000000000000014 9 1
3.2000000000000015 9 1
3.3000000000000016 9 4
3.4000000000000017 9 8
3.5000000000000018 9 9.85348
3.6000000000000019 9 11.0092
3.700000000000002 9 12.0538
3.800000000000002 9 13.0142
3.9000000000000021 9 13.9801
4.0000000000000018 9 14.8155
4.1000000000000014 9 15.6062
4.2000000000000011 9 16.3585
4.3000000000000007 9 17.0776
4.4000000000000004 9 17.7675
4.5 9 18.4315
4.5999999999999996 9 19.0197
4.6999999999999993 9 1
4.7999999999999989 9 2
4.8999999999999986 9 5
4.9999999999999982 9 9.32932
5.0999999999999979 9 10.2533
5.1999999999999975 9 10.2533
5.2999999999999972 9 1
5.3999999999999968 9 1
5.4999999999999964 9 1
5.5999999999999961 9 1
5.6999999999999957 9 1
5.7999999999999954 9 1
5.899999999999995 9 1
5.9999999999999947 9 1
