0.10000000000000001 20 1
0.20000000000000001 20 1
0.30000000000000004 20 1
0.40000000000000002 20 1
0.5 20 1
0.59999999999999998 20 1
0.69999999999999996 20 1
0.79999999999999993 20 1
0.89999999999999991 20 1
0.99999999999999989 20 1
1.0999999999999999 20 2
1.2 20 4
1.3 20 11
1.4000000000000001 20 20.0999
1.5000000000000002 20 20.689
1.6000000000000003 10 10
1.7000000000000004 10 10
1.8000000000000005 10 10
1.9000000000000006 10 10.5857
2.0000000000000004 10 11.6685
2.1000000000000005 10 12.6585
2.2000000000000006 10 13.576
2.3000000000000007 10 14.435
2.4000000000000008 10 15.2454
2.5000000000000009 10 16.0148
2.600000000000001 10 16.7487
2.7000000000000011 10 17.4516
2.8000000000000012 10 18.1272
2.9000000000000012 10 18.7785
3.0000000000000013 9 9.4953
3.1000000000000014 9 9.60062
3.2000000000000015 9 10.0107
3.3000000000000016 9 11.15
3.4000000000000017 9 12.1824
3.5000000000000018 9 13.2096
3.6000000000000019 9 14.091
3.700000000000002 9 14.9203
3.800000000000002 9 15.7056
3.9000000000000021 9 16.4533
4.0000000000000018 9 17.1684
4.1000000000000014 9 17.8548
4.2000000000000011 9 18.5157
4.3000000000000007 9 9.49811
4.4000000000000004 9 9.49811
4.5 9 9.60339
4.5999999999999996 9 10.6927
4.6999999999999993 9 11.7656
4.7999999999999989 9 12.7479
4.8999999999999986 9 13.6594
4.9999999999999982 9 14.5134
5.0999999999999979 9 15.3197
5.1999999999999975 9 15.45
5.2999999999999972 9 15.45
5.3999999999999968 9 1
5.4999999999999964 9 1
5.5999999999999961 9 1
5.6999999999999957 9 1
5.7999999999999954 9 1
5.899999999999995 9 1
5.9999999999999947 9 1
