2 3
75 83 22 

13 1 1773116024 
13 2 1773116024 
14 1 7192128 
14 2 7192128 
12 10 1773116128 
12 11 1773116128 
13 10 7192672 
13 11 7192672 
8 10 1773116128 
8 11 1773116128 
9 10 7193152 
9 11 7193152 
1 12 1773116128 
1 13 1773116128 
2 12 7193568 
2 13 7193568 
9 1 1773116128 
9 2 1773116128 
10 1 7193008 
10 2 7193008 
2 7 1773116128 
2 8 1773116128 
3 7 7194448 
3 8 7194448 
5 4 1773116128 
5 5 1773116128 
6 4 7194704 
6 5 7194704 
8 1 1773116128 
8 2 1773116128 
0 6 1773116128 
0 7 1773116128 
1 6 7195216 
1 7 7195216 
7 1 1773116128 
7 2 1773116128 
11 8 1773116128 
11 9 1773116128 
12 8 7196400 
12 9 7196400 
13 9 7196640 
2 5 1773116128 
2 6 1773116128 
3 5 7196880 
3 6 7196880 
2 14 1773116128 
3 13 7197152 
3 14 7197152 
7 10 1773116128 
7 11 1773116128 
14 12 1773116128 
14 13 1773116128 
15 12 7197664 
15 13 7197664 
12 3 1773116128 
12 4 1773116128 
13 3 7197968 
13 4 7197968 
1 8 1773116128 
9 3 1773116128 
9 4 1773116128 
10 3 7192592 
10 4 7192592 
6 14 1773116128 
6 15 1773116128 
7 14 7196080 
7 15 7196080 
14 7 1773116128 
14 8 1773116128 
15 7 7195344 
15 8 7195344 
8 14 1773116128 
8 15 1773116128 
9 14 7195648 
9 15 7195648 

0 1 
2 3 
0 2 
1 3 
4 5 
6 7 
4 6 
5 7 
8 9 
10 11 
8 10 
9 11 
12 13 
14 15 
12 14 
13 15 
16 17 
18 19 
16 18 
17 19 
20 21 
22 23 
20 22 
21 23 
24 25 
26 27 
24 26 
25 27 
28 29 
28 16 
29 17 
30 31 
32 33 
30 32 
31 33 
34 35 
34 28 
35 29 
36 37 
38 39 
36 38 
37 39 
39 4 
40 6 
39 40 
41 42 
43 44 
41 43 
42 44 
15 45 
46 47 
15 46 
45 47 
48 49 
48 8 
49 9 
50 51 
52 53 
50 52 
51 53 
54 55 
56 57 
54 56 
55 57 
33 58 
33 20 
58 21 
59 60 
61 62 
59 61 
60 62 
63 64 
65 66 
63 65 
64 66 
67 68 
69 70 
67 69 
68 70 
71 72 
73 74 
71 73 
72 74 

0 1 2 3 
4 5 6 7 
8 9 10 11 
12 13 14 15 
16 17 18 19 
20 21 22 23 
24 25 26 27 
28 16 29 30 
31 32 33 34 
35 28 36 37 
38 39 40 41 
42 43 44 6 
45 46 47 48 
49 50 51 52 
53 8 54 55 
56 57 58 59 
60 61 62 63 
64 20 65 66 
67 68 69 70 
71 72 73 74 
75 76 77 78 
79 80 81 82 

