5 5
704 1760 1760 880 220 22 

13 1 12 10 8 
13 1 12 10 9 
13 1 12 11 8 
13 1 12 11 9 
13 1 13 10 8 
13 1 13 10 9 
13 1 13 11 8 
13 1 13 11 9 
13 2 12 10 8 
13 2 12 10 9 
13 2 12 11 8 
13 2 12 11 9 
13 2 13 10 8 
13 2 13 10 9 
13 2 13 11 8 
13 2 13 11 9 
14 1 12 10 8 
14 1 12 10 9 
14 1 12 11 8 
14 1 12 11 9 
14 1 13 10 8 
14 1 13 10 9 
14 1 13 11 8 
14 1 13 11 9 
14 2 12 10 8 
14 2 12 10 9 
14 2 12 11 8 
14 2 12 11 9 
14 2 13 10 8 
14 2 13 10 9 
14 2 13 11 8 
14 2 13 11 9 
10 1 12 9 1 
10 1 12 9 2 
10 1 12 10 1 
10 1 12 10 2 
10 1 13 9 1 
10 1 13 9 2 
10 1 13 10 1 
10 1 13 10 2 
10 2 12 9 1 
10 2 12 9 2 
10 2 12 10 1 
10 2 12 10 2 
10 2 13 9 1 
10 2 13 9 2 
10 2 13 10 1 
10 2 13 10 2 
11 1 12 9 1 
11 1 12 9 2 
11 1 12 10 1 
11 1 12 10 2 
11 1 13 9 1 
11 1 13 9 2 
11 1 13 10 1 
11 1 13 10 2 
11 2 12 9 1 
11 2 12 9 2 
11 2 12 10 1 
11 2 12 10 2 
11 2 13 9 1 
11 2 13 9 2 
11 2 13 10 1 
11 2 13 10 2 
2 7 5 4 8 
2 7 5 4 9 
2 7 5 5 8 
2 7 5 5 9 
2 7 6 4 8 
2 7 6 4 9 
2 7 6 5 8 
2 7 6 5 9 
2 8 5 4 8 
2 8 5 4 9 
2 8 5 5 8 
2 8 5 5 9 
2 8 6 4 8 
2 8 6 4 9 
2 8 6 5 8 
2 8 6 5 9 
3 7 5 4 8 
3 7 5 4 9 
3 7 5 5 8 
3 7 5 5 9 
3 7 6 4 8 
3 7 6 4 9 
3 7 6 5 8 
3 7 6 5 9 
3 8 5 4 8 
3 8 5 4 9 
3 8 5 5 8 
3 8 5 5 9 
3 8 6 4 8 
3 8 6 4 9 
3 8 6 5 8 
3 8 6 5 9 
1 0 6 7 1 
1 0 6 7 2 
1 0 6 8 1 
1 0 6 8 2 
1 0 7 7 1 
1 0 7 7 2 
1 0 7 8 1 
1 0 7 8 2 
1 1 6 7 1 
1 1 6 7 2 
1 1 6 8 1 
1 1 6 8 2 
1 1 7 7 1 
1 1 7 7 2 
1 1 7 8 1 
1 1 7 8 2 
2 0 6 7 1 
2 0 6 7 2 
2 0 6 8 1 
2 0 6 8 2 
2 0 7 7 1 
2 0 7 7 2 
2 0 7 8 1 
2 0 7 8 2 
2 1 6 7 1 
2 1 6 7 2 
2 1 6 8 1 
2 1 6 8 2 
2 1 7 7 1 
2 1 7 7 2 
2 1 7 8 1 
2 1 7 8 2 
11 8 12 9 2 
11 8 12 9 3 
11 8 12 10 2 
11 8 12 10 3 
11 8 13 9 2 
11 8 13 9 3 
11 8 13 10 2 
11 8 13 10 3 
11 9 12 9 2 
11 9 12 9 3 
11 9 12 10 2 
11 9 12 10 3 
11 9 13 9 2 
11 9 13 9 3 
11 9 13 10 2 
11 9 13 10 3 
12 8 12 9 2 
12 8 12 9 3 
12 8 12 10 2 
12 8 12 10 3 
12 8 13 9 2 
12 8 13 9 3 
12 8 13 10 2 
12 8 13 10 3 
12 9 12 9 2 
12 9 12 9 3 
12 9 12 10 2 
12 9 12 10 3 
12 9 13 9 2 
12 9 13 9 3 
12 9 13 10 2 
12 9 13 10 3 
5 2 13 7 10 
5 2 13 7 11 
5 2 13 8 10 
5 2 13 8 11 
5 2 14 7 10 
5 2 14 7 11 
5 2 14 8 10 
5 2 14 8 11 
5 3 13 7 10 
5 3 13 7 11 
5 3 13 8 10 
5 3 13 8 11 
5 3 14 7 10 
5 3 14 7 11 
5 3 14 8 10 
5 3 14 8 11 
6 2 13 7 10 
6 2 13 7 11 
6 2 13 8 10 
6 2 13 8 11 
6 2 14 7 10 
6 2 14 7 11 
6 2 14 8 10 
6 2 14 8 11 
6 3 13 7 10 
6 3 13 7 11 
6 3 13 8 10 
6 3 13 8 11 
6 3 14 7 10 
6 3 14 7 11 
6 3 14 8 10 
6 3 14 8 11 
14 12 12 3 14 
14 12 12 3 15 
14 12 12 4 14 
14 12 12 4 15 
14 12 13 3 14 
14 12 13 3 15 
14 12 13 4 14 
14 12 13 4 15 
14 13 12 3 14 
14 13 12 3 15 
14 13 12 4 14 
14 13 12 4 15 
14 13 13 3 14 
14 13 13 3 15 
14 13 13 4 14 
14 13 13 4 15 
15 12 12 3 14 
15 12 12 3 15 
15 12 12 4 14 
15 12 12 4 15 
15 12 13 3 14 
15 12 13 3 15 
15 12 13 4 14 
15 12 13 4 15 
15 13 12 3 14 
15 13 12 3 15 
15 13 12 4 14 
15 13 12 4 15 
15 13 13 3 14 
15 13 13 3 15 
15 13 13 4 14 
15 13 13 4 15 
12 13 1 1 7 
12 13 1 1 8 
12 13 1 2 7 
12 13 1 2 8 
12 13 2 1 7 
12 13 2 1 8 
12 13 2 2 7 
12 13 2 2 8 
12 14 1 1 7 
12 14 1 1 8 
12 14 1 2 7 
12 14 1 2 8 
12 14 2 1 7 
12 14 2 1 8 
12 14 2 2 7 
12 14 2 2 8 
13 13 1 1 7 
13 13 1 1 8 
13 13 1 2 7 
13 13 1 2 8 
13 13 2 1 7 
13 13 2 1 8 
13 13 2 2 7 
13 13 2 2 8 
13 14 1 1 7 
13 14 1 1 8 
13 14 1 2 7 
13 14 1 2 8 
13 14 2 1 7 
13 14 2 1 8 
13 14 2 2 7 
13 14 2 2 8 
9 3 6 14 14 
9 3 6 14 15 
9 3 6 15 14 
9 3 6 15 15 
9 3 7 14 14 
9 3 7 14 15 
9 3 7 15 14 
9 3 7 15 15 
9 4 6 14 14 
9 4 6 14 15 
9 4 6 15 14 
9 4 6 15 15 
9 4 7 14 14 
9 4 7 14 15 
9 4 7 15 14 
9 4 7 15 15 
10 3 6 14 14 
10 3 6 14 15 
10 3 6 15 14 
10 3 6 15 15 
10 3 7 14 14 
10 3 7 14 15 
10 3 7 15 14 
10 3 7 15 15 
10 4 6 14 14 
10 4 6 14 15 
10 4 6 15 14 
10 4 6 15 15 
10 4 7 14 14 
10 4 7 14 15 
10 4 7 15 14 
10 4 7 15 15 
7 8 14 5 0 
7 8 14 5 1 
7 8 14 6 0 
7 8 14 6 1 
7 8 15 5 0 
7 8 15 5 1 
7 8 15 6 0 
7 8 15 6 1 
7 9 14 5 0 
7 9 14 5 1 
7 9 14 6 0 
7 9 14 6 1 
7 9 15 5 0 
7 9 15 5 1 
7 9 15 6 0 
7 9 15 6 1 
8 8 14 5 0 
8 8 14 5 1 
8 8 14 6 0 
8 8 14 6 1 
8 8 15 5 0 
8 8 15 5 1 
8 8 15 6 0 
8 8 15 6 1 
8 9 14 5 0 
8 9 14 5 1 
8 9 14 6 0 
8 9 14 6 1 
8 9 15 5 0 
8 9 15 5 1 
8 9 15 6 0 
8 9 15 6 1 
8 1 1 5 11 
8 1 1 5 12 
8 1 1 6 11 
8 1 1 6 12 
8 1 2 5 11 
8 1 2 5 12 
8 1 2 6 11 
8 1 2 6 12 
8 2 1 5 11 
8 2 1 5 12 
8 2 1 6 11 
8 2 1 6 12 
8 2 2 5 11 
8 2 2 5 12 
8 2 2 6 11 
8 2 2 6 12 
9 1 1 5 11 
9 1 1 5 12 
9 1 1 6 11 
9 1 1 6 12 
9 1 2 5 11 
9 1 2 5 12 
9 1 2 6 11 
9 1 2 6 12 
9 2 1 5 11 
9 2 1 5 12 
9 2 1 6 11 
9 2 1 6 12 
9 2 2 5 11 
9 2 2 5 12 
9 2 2 6 11 
9 2 2 6 12 
3 2 5 1 1 
3 2 5 1 2 
3 2 5 2 1 
3 2 5 2 2 
3 2 6 1 1 
3 2 6 1 2 
3 2 6 2 1 
3 2 6 2 2 
3 3 5 1 1 
3 3 5 1 2 
3 3 5 2 1 
3 3 5 2 2 
3 3 6 1 1 
3 3 6 1 2 
3 3 6 2 1 
3 3 6 2 2 
4 2 5 1 1 
4 2 5 1 2 
4 2 5 2 1 
4 2 5 2 2 
4 2 6 1 1 
4 2 6 1 2 
4 2 6 2 1 
4 2 6 2 2 
4 3 5 1 1 
4 3 5 1 2 
4 3 5 2 1 
4 3 5 2 2 
4 3 6 1 1 
4 3 6 1 2 
4 3 6 2 1 
4 3 6 2 2 
0 0 14 12 11 
0 0 14 12 12 
0 0 14 13 11 
0 0 14 13 12 
0 0 15 12 11 
0 0 15 12 12 
0 0 15 13 11 
0 0 15 13 12 
0 1 14 12 11 
0 1 14 12 12 
0 1 14 13 11 
0 1 14 13 12 
0 1 15 12 11 
0 1 15 12 12 
0 1 15 13 11 
0 1 15 13 12 
1 0 14 12 11 
1 0 14 12 12 
1 0 14 13 11 
1 0 14 13 12 
1 0 15 12 11 
1 0 15 12 12 
1 0 15 13 11 
1 0 15 13 12 
1 1 14 12 11 
1 1 14 12 12 
1 1 14 13 11 
1 1 14 13 12 
1 1 15 12 11 
1 1 15 12 12 
1 1 15 13 11 
1 1 15 13 12 
5 1 9 13 2 
5 1 9 13 3 
5 1 9 14 2 
5 1 9 14 3 
5 1 10 13 2 
5 1 10 13 3 
5 1 10 14 2 
5 1 10 14 3 
5 2 9 13 2 
5 2 9 13 3 
5 2 9 14 2 
5 2 9 14 3 
5 2 10 13 2 
5 2 10 13 3 
5 2 10 14 2 
5 2 10 14 3 
6 1 9 13 2 
6 1 9 13 3 
6 1 9 14 2 
6 1 9 14 3 
6 1 10 13 2 
6 1 10 13 3 
6 1 10 14 2 
6 1 10 14 3 
6 2 9 13 2 
6 2 9 13 3 
6 2 9 14 2 
6 2 9 14 3 
6 2 10 13 2 
6 2 10 13 3 
6 2 10 14 2 
6 2 10 14 3 
9 0 12 0 14 
9 0 12 0 15 
9 0 12 1 14 
9 0 12 1 15 
9 0 13 0 14 
9 0 13 0 15 
9 0 13 1 14 
9 0 13 1 15 
9 1 12 0 14 
9 1 12 0 15 
9 1 12 1 14 
9 1 12 1 15 
9 1 13 0 14 
9 1 13 0 15 
9 1 13 1 14 
9 1 13 1 15 
10 0 12 0 14 
10 0 12 0 15 
10 0 12 1 14 
10 0 12 1 15 
10 0 13 0 14 
10 0 13 0 15 
10 0 13 1 14 
10 0 13 1 15 
10 1 12 0 14 
10 1 12 0 15 
10 1 12 1 14 
10 1 12 1 15 
10 1 13 0 14 
10 1 13 0 15 
10 1 13 1 14 
10 1 13 1 15 
12 14 14 3 5 
12 14 14 3 6 
12 14 14 4 5 
12 14 14 4 6 
12 14 15 3 5 
12 14 15 3 6 
12 14 15 4 5 
12 14 15 4 6 
12 15 14 3 5 
12 15 14 3 6 
12 15 14 4 5 
12 15 14 4 6 
12 15 15 3 5 
12 15 15 3 6 
12 15 15 4 5 
12 15 15 4 6 
13 14 14 3 5 
13 14 14 3 6 
13 14 14 4 5 
13 14 14 4 6 
13 14 15 3 5 
13 14 15 3 6 
13 14 15 4 5 
13 14 15 4 6 
13 15 14 3 5 
13 15 14 3 6 
13 15 14 4 5 
13 15 14 4 6 
13 15 15 3 5 
13 15 15 3 6 
13 15 15 4 5 
13 15 15 4 6 
7 3 6 8 8 
7 3 6 8 9 
7 3 6 9 8 
7 3 6 9 9 
7 3 7 8 8 
7 3 7 8 9 
7 3 7 9 8 
7 3 7 9 9 
7 4 6 8 8 
7 4 6 8 9 
7 4 6 9 8 
7 4 6 9 9 
7 4 7 8 8 
7 4 7 8 9 
7 4 7 9 8 
7 4 7 9 9 
8 3 6 8 8 
8 3 6 8 9 
8 3 6 9 8 
8 3 6 9 9 
8 3 7 8 8 
8 3 7 8 9 
8 3 7 9 8 
8 3 7 9 9 
8 4 6 8 8 
8 4 6 8 9 
8 4 6 9 8 
8 4 6 9 9 
8 4 7 8 8 
8 4 7 8 9 
8 4 7 9 8 
8 4 7 9 9 
9 3 11 14 4 
9 3 11 14 5 
9 3 11 15 4 
9 3 11 15 5 
9 3 12 14 4 
9 3 12 14 5 
9 3 12 15 4 
9 3 12 15 5 
9 4 11 14 4 
9 4 11 14 5 
9 4 11 15 4 
9 4 11 15 5 
9 4 12 14 4 
9 4 12 14 5 
9 4 12 15 4 
9 4 12 15 5 
10 3 11 14 4 
10 3 11 14 5 
10 3 11 15 4 
10 3 11 15 5 
10 3 12 14 4 
10 3 12 14 5 
10 3 12 15 4 
10 3 12 15 5 
10 4 11 14 4 
10 4 11 14 5 
10 4 11 15 4 
10 4 11 15 5 
10 4 12 14 4 
10 4 12 14 5 
10 4 12 15 4 
10 4 12 15 5 
12 0 11 3 4 
12 0 11 3 5 
12 0 11 4 4 
12 0 11 4 5 
12 0 12 3 4 
12 0 12 3 5 
12 0 12 4 4 
12 0 12 4 5 
12 1 11 3 4 
12 1 11 3 5 
12 1 11 4 4 
12 1 11 4 5 
12 1 12 3 4 
12 1 12 3 5 
12 1 12 4 4 
12 1 12 4 5 
13 0 11 3 4 
13 0 11 3 5 
13 0 11 4 4 
13 0 11 4 5 
13 0 12 3 4 
13 0 12 3 5 
13 0 12 4 4 
13 0 12 4 5 
13 1 11 3 4 
13 1 11 3 5 
13 1 11 4 4 
13 1 11 4 5 
13 1 12 3 4 
13 1 12 3 5 
13 1 12 4 4 
13 1 12 4 5 
7 1 6 9 14 
7 1 6 9 15 
7 1 6 10 14 
7 1 6 10 15 
7 1 7 9 14 
7 1 7 9 15 
7 1 7 10 14 
7 1 7 10 15 
7 2 6 9 14 
7 2 6 9 15 
7 2 6 10 14 
7 2 6 10 15 
7 2 7 9 14 
7 2 7 9 15 
7 2 7 10 14 
7 2 7 10 15 
8 1 6 9 14 
8 1 6 9 15 
8 1 6 10 14 
8 1 6 10 15 
8 1 7 9 14 
8 1 7 9 15 
8 1 7 10 14 
8 1 7 10 15 
8 2 6 9 14 
8 2 6 9 15 
8 2 6 10 14 
8 2 6 10 15 
8 2 7 9 14 
8 2 7 9 15 
8 2 7 10 14 
8 2 7 10 15 
0 10 14 13 2 
0 10 14 13 3 
0 10 14 14 2 
0 10 14 14 3 
0 10 15 13 2 
0 10 15 13 3 
0 10 15 14 2 
0 10 15 14 3 
0 11 14 13 2 
0 11 14 13 3 
0 11 14 14 2 
0 11 14 14 3 
0 11 15 13 2 
0 11 15 13 3 
0 11 15 14 2 
0 11 15 14 3 
1 10 14 13 2 
1 10 14 13 3 
1 10 14 14 2 
1 10 14 14 3 
1 10 15 13 2 
1 10 15 13 3 
1 10 15 14 2 
1 10 15 14 3 
1 11 14 13 2 
1 11 14 13 3 
1 11 14 14 2 
1 11 14 14 3 
1 11 15 13 2 
1 11 15 13 3 
1 11 15 14 2 
1 11 15 14 3 
6 2 2 12 12 
6 2 2 12 13 
6 2 2 13 12 
6 2 2 13 13 
6 2 3 12 12 
6 2 3 12 13 
6 2 3 13 12 
6 2 3 13 13 
6 3 2 12 12 
6 3 2 12 13 
6 3 2 13 12 
6 3 2 13 13 
6 3 3 12 12 
6 3 3 12 13 
6 3 3 13 12 
6 3 3 13 13 
7 2 2 12 12 
7 2 2 12 13 
7 2 2 13 12 
7 2 2 13 13 
7 2 3 12 12 
7 2 3 12 13 
7 2 3 13 12 
7 2 3 13 13 
7 3 2 12 12 
7 3 2 12 13 
7 3 2 13 12 
7 3 2 13 13 
7 3 3 12 12 
7 3 3 12 13 
7 3 3 13 12 
7 3 3 13 13 

0 1 
2 3 
0 2 
1 3 
4 5 
6 7 
4 6 
5 7 
0 4 
1 5 
2 6 
3 7 
8 9 
10 11 
8 10 
9 11 
12 13 
14 15 
12 14 
13 15 
8 12 
9 13 
10 14 
11 15 
0 8 
1 9 
2 10 
3 11 
4 12 
5 13 
6 14 
7 15 
16 17 
18 19 
16 18 
17 19 
20 21 
22 23 
20 22 
21 23 
16 20 
17 21 
18 22 
19 23 
24 25 
26 27 
24 26 
25 27 
28 29 
30 31 
28 30 
29 31 
24 28 
25 29 
26 30 
27 31 
16 24 
17 25 
18 26 
19 27 
20 28 
21 29 
22 30 
23 31 
0 16 
1 17 
2 18 
3 19 
4 20 
5 21 
6 22 
7 23 
8 24 
9 25 
10 26 
11 27 
12 28 
13 29 
14 30 
15 31 
32 33 
34 35 
32 34 
33 35 
36 37 
38 39 
36 38 
37 39 
32 36 
33 37 
34 38 
35 39 
40 41 
42 43 
40 42 
41 43 
44 45 
46 47 
44 46 
45 47 
40 44 
41 45 
42 46 
43 47 
32 40 
33 41 
34 42 
35 43 
36 44 
37 45 
38 46 
39 47 
48 49 
50 51 
48 50 
49 51 
52 53 
54 55 
52 54 
53 55 
48 52 
49 53 
50 54 
51 55 
56 57 
58 59 
56 58 
57 59 
60 61 
62 63 
60 62 
61 63 
56 60 
57 61 
58 62 
59 63 
48 56 
49 57 
50 58 
51 59 
52 60 
53 61 
54 62 
55 63 
32 48 
33 49 
34 50 
35 51 
36 52 
37 53 
38 54 
39 55 
40 56 
41 57 
42 58 
43 59 
44 60 
45 61 
46 62 
47 63 
64 65 
66 67 
64 66 
65 67 
68 69 
70 71 
68 70 
69 71 
64 68 
65 69 
66 70 
67 71 
72 73 
74 75 
72 74 
73 75 
76 77 
78 79 
76 78 
77 79 
72 76 
73 77 
74 78 
75 79 
64 72 
65 73 
66 74 
67 75 
68 76 
69 77 
70 78 
71 79 
80 81 
82 83 
80 82 
81 83 
84 85 
86 87 
84 86 
85 87 
80 84 
81 85 
82 86 
83 87 
88 89 
90 91 
88 90 
89 91 
92 93 
94 95 
92 94 
93 95 
88 92 
89 93 
90 94 
91 95 
80 88 
81 89 
82 90 
83 91 
84 92 
85 93 
86 94 
87 95 
64 80 
65 81 
66 82 
67 83 
68 84 
69 85 
70 86 
71 87 
72 88 
73 89 
74 90 
75 91 
76 92 
77 93 
78 94 
79 95 
96 97 
98 99 
96 98 
97 99 
100 101 
102 103 
100 102 
101 103 
96 100 
97 101 
98 102 
99 103 
104 105 
106 107 
104 106 
105 107 
108 109 
110 111 
108 110 
109 111 
104 108 
105 109 
106 110 
107 111 
96 104 
97 105 
98 106 
99 107 
100 108 
101 109 
102 110 
103 111 
112 113 
114 115 
112 114 
113 115 
116 117 
118 119 
116 118 
117 119 
112 116 
113 117 
114 118 
115 119 
120 121 
122 123 
120 122 
121 123 
124 125 
126 127 
124 126 
125 127 
120 124 
121 125 
122 126 
123 127 
112 120 
113 121 
114 122 
115 123 
116 124 
117 125 
118 126 
119 127 
96 112 
97 113 
98 114 
99 115 
100 116 
101 117 
102 118 
103 119 
104 120 
105 121 
106 122 
107 123 
108 124 
109 125 
110 126 
111 127 
128 129 
130 131 
128 130 
129 131 
132 133 
134 135 
132 134 
133 135 
128 132 
129 133 
130 134 
131 135 
136 137 
138 139 
136 138 
137 139 
140 141 
142 143 
140 142 
141 143 
136 140 
137 141 
138 142 
139 143 
128 136 
129 137 
130 138 
131 139 
132 140 
133 141 
134 142 
135 143 
144 145 
146 147 
144 146 
145 147 
148 149 
150 151 
148 150 
149 151 
144 148 
145 149 
146 150 
147 151 
152 153 
154 155 
152 154 
153 155 
156 157 
158 159 
156 158 
157 159 
152 156 
153 157 
154 158 
155 159 
144 152 
145 153 
146 154 
147 155 
148 156 
149 157 
150 158 
151 159 
128 144 
129 145 
130 146 
131 147 
132 148 
133 149 
134 150 
135 151 
136 152 
137 153 
138 154 
139 155 
140 156 
141 157 
142 158 
143 159 
160 161 
162 163 
160 162 
161 163 
164 165 
166 167 
164 166 
165 167 
160 164 
161 165 
162 166 
163 167 
168 169 
170 171 
168 170 
169 171 
172 173 
174 175 
172 174 
173 175 
168 172 
169 173 
170 174 
171 175 
160 168 
161 169 
162 170 
163 171 
164 172 
165 173 
166 174 
167 175 
176 177 
178 179 
176 178 
177 179 
180 181 
182 183 
180 182 
181 183 
176 180 
177 181 
178 182 
179 183 
184 185 
186 187 
184 186 
185 187 
188 189 
190 191 
188 190 
189 191 
184 188 
185 189 
186 190 
187 191 
176 184 
177 185 
178 186 
179 187 
180 188 
181 189 
182 190 
183 191 
160 176 
161 177 
162 178 
163 179 
164 180 
165 181 
166 182 
167 183 
168 184 
169 185 
170 186 
171 187 
172 188 
173 189 
174 190 
175 191 
192 193 
194 195 
192 194 
193 195 
196 197 
198 199 
196 198 
197 199 
192 196 
193 197 
194 198 
195 199 
200 201 
202 203 
200 202 
201 203 
204 205 
206 207 
204 206 
205 207 
200 204 
201 205 
202 206 
203 207 
192 200 
193 201 
194 202 
195 203 
196 204 
197 205 
198 206 
199 207 
208 209 
210 211 
208 210 
209 211 
212 213 
214 215 
212 214 
213 215 
208 212 
209 213 
210 214 
211 215 
216 217 
218 219 
216 218 
217 219 
220 221 
222 223 
220 222 
221 223 
216 220 
217 221 
218 222 
219 223 
208 216 
209 217 
210 218 
211 219 
212 220 
213 221 
214 222 
215 223 
192 208 
193 209 
194 210 
195 211 
196 212 
197 213 
198 214 
199 215 
200 216 
201 217 
202 218 
203 219 
204 220 
205 221 
206 222 
207 223 
224 225 
226 227 
224 226 
225 227 
228 229 
230 231 
228 230 
229 231 
224 228 
225 229 
226 230 
227 231 
232 233 
234 235 
232 234 
233 235 
236 237 
238 239 
236 238 
237 239 
232 236 
233 237 
234 238 
235 239 
224 232 
225 233 
226 234 
227 235 
228 236 
229 237 
230 238 
231 239 
240 241 
242 243 
240 242 
241 243 
244 245 
246 247 
244 246 
245 247 
240 244 
241 245 
242 246 
243 247 
248 249 
250 251 
248 250 
249 251 
252 253 
254 255 
252 254 
253 255 
248 252 
249 253 
250 254 
251 255 
240 248 
241 249 
242 250 
243 251 
244 252 
245 253 
246 254 
247 255 
224 240 
225 241 
226 242 
227 243 
228 244 
229 245 
230 246 
231 247 
232 248 
233 249 
234 250 
235 251 
236 252 
237 253 
238 254 
239 255 
256 257 
258 259 
256 258 
257 259 
260 261 
262 263 
260 262 
261 263 
256 260 
257 261 
258 262 
259 263 
264 265 
266 267 
264 266 
265 267 
268 269 
270 271 
268 270 
269 271 
264 268 
265 269 
266 270 
267 271 
256 264 
257 265 
258 266 
259 267 
260 268 
261 269 
262 270 
263 271 
272 273 
274 275 
272 274 
273 275 
276 277 
278 279 
276 278 
277 279 
272 276 
273 277 
274 278 
275 279 
280 281 
282 283 
280 282 
281 283 
284 285 
286 287 
284 286 
285 287 
280 284 
281 285 
282 286 
283 287 
272 280 
273 281 
274 282 
275 283 
276 284 
277 285 
278 286 
279 287 
256 272 
257 273 
258 274 
259 275 
260 276 
261 277 
262 278 
263 279 
264 280 
265 281 
266 282 
267 283 
268 284 
269 285 
270 286 
271 287 
288 289 
290 291 
288 290 
289 291 
292 293 
294 295 
292 294 
293 295 
288 292 
289 293 
290 294 
291 295 
296 297 
298 299 
296 298 
297 299 
300 301 
302 303 
300 302 
301 303 
296 300 
297 301 
298 302 
299 303 
288 296 
289 297 
290 298 
291 299 
292 300 
293 301 
294 302 
295 303 
304 305 
306 307 
304 306 
305 307 
308 309 
310 311 
308 310 
309 311 
304 308 
305 309 
306 310 
307 311 
312 313 
314 315 
312 314 
313 315 
316 317 
318 319 
316 318 
317 319 
312 316 
313 317 
314 318 
315 319 
304 312 
305 313 
306 314 
307 315 
308 316 
309 317 
310 318 
311 319 
288 304 
289 305 
290 306 
291 307 
292 308 
293 309 
294 310 
295 311 
296 312 
297 313 
298 314 
299 315 
300 316 
301 317 
302 318 
303 319 
320 321 
322 323 
320 322 
321 323 
324 325 
326 327 
324 326 
325 327 
320 324 
321 325 
322 326 
323 327 
328 329 
330 331 
328 330 
329 331 
332 333 
334 335 
332 334 
333 335 
328 332 
329 333 
330 334 
331 335 
320 328 
321 329 
322 330 
323 331 
324 332 
325 333 
326 334 
327 335 
336 337 
338 339 
336 338 
337 339 
340 341 
342 343 
340 342 
341 343 
336 340 
337 341 
338 342 
339 343 
344 345 
346 347 
344 346 
345 347 
348 349 
350 351 
348 350 
349 351 
344 348 
345 349 
346 350 
347 351 
336 344 
337 345 
338 346 
339 347 
340 348 
341 349 
342 350 
343 351 
320 336 
321 337 
322 338 
323 339 
324 340 
325 341 
326 342 
327 343 
328 344 
329 345 
330 346 
331 347 
332 348 
333 349 
334 350 
335 351 
352 353 
354 355 
352 354 
353 355 
356 357 
358 359 
356 358 
357 359 
352 356 
353 357 
354 358 
355 359 
360 361 
362 363 
360 362 
361 363 
364 365 
366 367 
364 366 
365 367 
360 364 
361 365 
362 366 
363 367 
352 360 
353 361 
354 362 
355 363 
356 364 
357 365 
358 366 
359 367 
368 369 
370 371 
368 370 
369 371 
372 373 
374 375 
372 374 
373 375 
368 372 
369 373 
370 374 
371 375 
376 377 
378 379 
376 378 
377 379 
380 381 
382 383 
380 382 
381 383 
376 380 
377 381 
378 382 
379 383 
368 376 
369 377 
370 378 
371 379 
372 380 
373 381 
374 382 
375 383 
352 368 
353 369 
354 370 
355 371 
356 372 
357 373 
358 374 
359 375 
360 376 
361 377 
362 378 
363 379 
364 380 
365 381 
366 382 
367 383 
384 385 
386 387 
384 386 
385 387 
388 389 
390 391 
388 390 
389 391 
384 388 
385 389 
386 390 
387 391 
392 393 
394 395 
392 394 
393 395 
396 397 
398 399 
396 398 
397 399 
392 396 
393 397 
394 398 
395 399 
384 392 
385 393 
386 394 
387 395 
388 396 
389 397 
390 398 
391 399 
400 401 
402 403 
400 402 
401 403 
404 405 
406 407 
404 406 
405 407 
400 404 
401 405 
402 406 
403 407 
408 409 
410 411 
408 410 
409 411 
412 413 
414 415 
412 414 
413 415 
408 412 
409 413 
410 414 
411 415 
400 408 
401 409 
402 410 
403 411 
404 412 
405 413 
406 414 
407 415 
384 400 
385 401 
386 402 
387 403 
388 404 
389 405 
390 406 
391 407 
392 408 
393 409 
394 410 
395 411 
396 412 
397 413 
398 414 
399 415 
416 417 
418 419 
416 418 
417 419 
420 421 
422 423 
420 422 
421 423 
416 420 
417 421 
418 422 
419 423 
424 425 
426 427 
424 426 
425 427 
428 429 
430 431 
428 430 
429 431 
424 428 
425 429 
426 430 
427 431 
416 424 
417 425 
418 426 
419 427 
420 428 
421 429 
422 430 
423 431 
432 433 
434 435 
432 434 
433 435 
436 437 
438 439 
436 438 
437 439 
432 436 
433 437 
434 438 
435 439 
440 441 
442 443 
440 442 
441 443 
444 445 
446 447 
444 446 
445 447 
440 444 
441 445 
442 446 
443 447 
432 440 
433 441 
434 442 
435 443 
436 444 
437 445 
438 446 
439 447 
416 432 
417 433 
418 434 
419 435 
420 436 
421 437 
422 438 
423 439 
424 440 
425 441 
426 442 
427 443 
428 444 
429 445 
430 446 
431 447 
448 449 
450 451 
448 450 
449 451 
452 453 
454 455 
452 454 
453 455 
448 452 
449 453 
450 454 
451 455 
456 457 
458 459 
456 458 
457 459 
460 461 
462 463 
460 462 
461 463 
456 460 
457 461 
458 462 
459 463 
448 456 
449 457 
450 458 
451 459 
452 460 
453 461 
454 462 
455 463 
464 465 
466 467 
464 466 
465 467 
468 469 
470 471 
468 470 
469 471 
464 468 
465 469 
466 470 
467 471 
472 473 
474 475 
472 474 
473 475 
476 477 
478 479 
476 478 
477 479 
472 476 
473 477 
474 478 
475 479 
464 472 
465 473 
466 474 
467 475 
468 476 
469 477 
470 478 
471 479 
448 464 
449 465 
450 466 
451 467 
452 468 
453 469 
454 470 
455 471 
456 472 
457 473 
458 474 
459 475 
460 476 
461 477 
462 478 
463 479 
480 481 
482 483 
480 482 
481 483 
484 485 
486 487 
484 486 
485 487 
480 484 
481 485 
482 486 
483 487 
488 489 
490 491 
488 490 
489 491 
492 493 
494 495 
492 494 
493 495 
488 492 
489 493 
490 494 
491 495 
480 488 
481 489 
482 490 
483 491 
484 492 
485 493 
486 494 
487 495 
496 497 
498 499 
496 498 
497 499 
500 501 
502 503 
500 502 
501 503 
496 500 
497 501 
498 502 
499 503 
504 505 
506 507 
504 506 
505 507 
508 509 
510 511 
508 510 
509 511 
504 508 
505 509 
506 510 
507 511 
496 504 
497 505 
498 506 
499 507 
500 508 
501 509 
502 510 
503 511 
480 496 
481 497 
482 498 
483 499 
484 500 
485 501 
486 502 
487 503 
488 504 
489 505 
490 506 
491 507 
492 508 
493 509 
494 510 
495 511 
512 513 
514 515 
512 514 
513 515 
516 517 
518 519 
516 518 
517 519 
512 516 
513 517 
514 518 
515 519 
520 521 
522 523 
520 522 
521 523 
524 525 
526 527 
524 526 
525 527 
520 524 
521 525 
522 526 
523 527 
512 520 
513 521 
514 522 
515 523 
516 524 
517 525 
518 526 
519 527 
528 529 
530 531 
528 530 
529 531 
532 533 
534 535 
532 534 
533 535 
528 532 
529 533 
530 534 
531 535 
536 537 
538 539 
536 538 
537 539 
540 541 
542 543 
540 542 
541 543 
536 540 
537 541 
538 542 
539 543 
528 536 
529 537 
530 538 
531 539 
532 540 
533 541 
534 542 
535 543 
512 528 
513 529 
514 530 
515 531 
516 532 
517 533 
518 534 
519 535 
520 536 
521 537 
522 538 
523 539 
524 540 
525 541 
526 542 
527 543 
544 545 
546 547 
544 546 
545 547 
548 549 
550 551 
548 550 
549 551 
544 548 
545 549 
546 550 
547 551 
552 553 
554 555 
552 554 
553 555 
556 557 
558 559 
556 558 
557 559 
552 556 
553 557 
554 558 
555 559 
544 552 
545 553 
546 554 
547 555 
548 556 
549 557 
550 558 
551 559 
560 561 
562 563 
560 562 
561 563 
564 565 
566 567 
564 566 
565 567 
560 564 
561 565 
562 566 
563 567 
568 569 
570 571 
568 570 
569 571 
572 573 
574 575 
572 574 
573 575 
568 572 
569 573 
570 574 
571 575 
560 568 
561 569 
562 570 
563 571 
564 572 
565 573 
566 574 
567 575 
544 560 
545 561 
546 562 
547 563 
548 564 
549 565 
550 566 
551 567 
552 568 
553 569 
554 570 
555 571 
556 572 
557 573 
558 574 
559 575 
576 577 
578 579 
576 578 
577 579 
580 581 
582 583 
580 582 
581 583 
576 580 
577 581 
578 582 
579 583 
584 585 
586 587 
584 586 
585 587 
588 589 
590 591 
588 590 
589 591 
584 588 
585 589 
586 590 
587 591 
576 584 
577 585 
578 586 
579 587 
580 588 
581 589 
582 590 
583 591 
592 593 
594 595 
592 594 
593 595 
596 597 
598 599 
596 598 
597 599 
592 596 
593 597 
594 598 
595 599 
600 601 
602 603 
600 602 
601 603 
604 605 
606 607 
604 606 
605 607 
600 604 
601 605 
602 606 
603 607 
592 600 
593 601 
594 602 
595 603 
596 604 
597 605 
598 606 
599 607 
576 592 
577 593 
578 594 
579 595 
580 596 
581 597 
582 598 
583 599 
584 600 
585 601 
586 602 
587 603 
588 604 
589 605 
590 606 
591 607 
608 609 
610 611 
608 610 
609 611 
612 613 
614 615 
612 614 
613 615 
608 612 
609 613 
610 614 
611 615 
616 617 
618 619 
616 618 
617 619 
620 621 
622 623 
620 622 
621 623 
616 620 
617 621 
618 622 
619 623 
608 616 
609 617 
610 618 
611 619 
612 620 
613 621 
614 622 
615 623 
624 625 
626 627 
624 626 
625 627 
628 629 
630 631 
628 630 
629 631 
624 628 
625 629 
626 630 
627 631 
632 633 
634 635 
632 634 
633 635 
636 637 
638 639 
636 638 
637 639 
632 636 
633 637 
634 638 
635 639 
624 632 
625 633 
626 634 
627 635 
628 636 
629 637 
630 638 
631 639 
608 624 
609 625 
610 626 
611 627 
612 628 
613 629 
614 630 
615 631 
616 632 
617 633 
618 634 
619 635 
620 636 
621 637 
622 638 
623 639 
640 641 
642 643 
640 642 
641 643 
644 645 
646 647 
644 646 
645 647 
640 644 
641 645 
642 646 
643 647 
648 649 
650 651 
648 650 
649 651 
652 653 
654 655 
652 654 
653 655 
648 652 
649 653 
650 654 
651 655 
640 648 
641 649 
642 650 
643 651 
644 652 
645 653 
646 654 
647 655 
656 657 
658 659 
656 658 
657 659 
660 661 
662 663 
660 662 
661 663 
656 660 
657 661 
658 662 
659 663 
664 665 
666 667 
664 666 
665 667 
668 669 
670 671 
668 670 
669 671 
664 668 
665 669 
666 670 
667 671 
656 664 
657 665 
658 666 
659 667 
660 668 
661 669 
662 670 
663 671 
640 656 
641 657 
642 658 
643 659 
644 660 
645 661 
646 662 
647 663 
648 664 
649 665 
650 666 
651 667 
652 668 
653 669 
654 670 
655 671 
672 673 
674 675 
672 674 
673 675 
676 677 
678 679 
676 678 
677 679 
672 676 
673 677 
674 678 
675 679 
680 681 
682 683 
680 682 
681 683 
684 685 
686 687 
684 686 
685 687 
680 684 
681 685 
682 686 
683 687 
672 680 
673 681 
674 682 
675 683 
676 684 
677 685 
678 686 
679 687 
688 689 
690 691 
688 690 
689 691 
692 693 
694 695 
692 694 
693 695 
688 692 
689 693 
690 694 
691 695 
696 697 
698 699 
696 698 
697 699 
700 701 
702 703 
700 702 
701 703 
696 700 
697 701 
698 702 
699 703 
688 696 
689 697 
690 698 
691 699 
692 700 
693 701 
694 702 
695 703 
672 688 
673 689 
674 690 
675 691 
676 692 
677 693 
678 694 
679 695 
680 696 
681 697 
682 698 
683 699 
684 700 
685 701 
686 702 
687 703 

0 1 2 3 
4 5 6 7 
0 4 8 9 
1 5 10 11 
2 6 8 10 
3 7 9 11 
12 13 14 15 
16 17 18 19 
12 16 20 21 
13 17 22 23 
14 18 20 22 
15 19 21 23 
0 12 24 25 
1 13 26 27 
2 14 24 26 
3 15 25 27 
4 16 28 29 
5 17 30 31 
6 18 28 30 
7 19 29 31 
8 20 24 28 
9 21 25 29 
10 22 26 30 
11 23 27 31 
32 33 34 35 
36 37 38 39 
32 36 40 41 
33 37 42 43 
34 38 40 42 
35 39 41 43 
44 45 46 47 
48 49 50 51 
44 48 52 53 
45 49 54 55 
46 50 52 54 
47 51 53 55 
32 44 56 57 
33 45 58 59 
34 46 56 58 
35 47 57 59 
36 48 60 61 
37 49 62 63 
38 50 60 62 
39 51 61 63 
40 52 56 60 
41 53 57 61 
42 54 58 62 
43 55 59 63 
0 32 64 65 
1 33 66 67 
2 34 64 66 
3 35 65 67 
4 36 68 69 
5 37 70 71 
6 38 68 70 
7 39 69 71 
8 40 64 68 
9 41 65 69 
10 42 66 70 
11 43 67 71 
12 44 72 73 
13 45 74 75 
14 46 72 74 
15 47 73 75 
16 48 76 77 
17 49 78 79 
18 50 76 78 
19 51 77 79 
20 52 72 76 
21 53 73 77 
22 54 74 78 
23 55 75 79 
24 56 64 72 
25 57 65 73 
26 58 66 74 
27 59 67 75 
28 60 68 76 
29 61 69 77 
30 62 70 78 
31 63 71 79 
80 81 82 83 
84 85 86 87 
80 84 88 89 
81 85 90 91 
82 86 88 90 
83 87 89 91 
92 93 94 95 
96 97 98 99 
92 96 100 101 
93 97 102 103 
94 98 100 102 
95 99 101 103 
80 92 104 105 
81 93 106 107 
82 94 104 106 
83 95 105 107 
84 96 108 109 
85 97 110 111 
86 98 108 110 
87 99 109 111 
88 100 104 108 
89 101 105 109 
90 102 106 110 
91 103 107 111 
112 113 114 115 
116 117 118 119 
112 116 120 121 
113 117 122 123 
114 118 120 122 
115 119 121 123 
124 125 126 127 
128 129 130 131 
124 128 132 133 
125 129 134 135 
126 130 132 134 
127 131 133 135 
112 124 136 137 
113 125 138 139 
114 126 136 138 
115 127 137 139 
116 128 140 141 
117 129 142 143 
118 130 140 142 
119 131 141 143 
120 132 136 140 
121 133 137 141 
122 134 138 142 
123 135 139 143 
80 112 144 145 
81 113 146 147 
82 114 144 146 
83 115 145 147 
84 116 148 149 
85 117 150 151 
86 118 148 150 
87 119 149 151 
88 120 144 148 
89 121 145 149 
90 122 146 150 
91 123 147 151 
92 124 152 153 
93 125 154 155 
94 126 152 154 
95 127 153 155 
96 128 156 157 
97 129 158 159 
98 130 156 158 
99 131 157 159 
100 132 152 156 
101 133 153 157 
102 134 154 158 
103 135 155 159 
104 136 144 152 
105 137 145 153 
106 138 146 154 
107 139 147 155 
108 140 148 156 
109 141 149 157 
110 142 150 158 
111 143 151 159 
160 161 162 163 
164 165 166 167 
160 164 168 169 
161 165 170 171 
162 166 168 170 
163 167 169 171 
172 173 174 175 
176 177 178 179 
172 176 180 181 
173 177 182 183 
174 178 180 182 
175 179 181 183 
160 172 184 185 
161 173 186 187 
162 174 184 186 
163 175 185 187 
164 176 188 189 
165 177 190 191 
166 178 188 190 
167 179 189 191 
168 180 184 188 
169 181 185 189 
170 182 186 190 
171 183 187 191 
192 193 194 195 
196 197 198 199 
192 196 200 201 
193 197 202 203 
194 198 200 202 
195 199 201 203 
204 205 206 207 
208 209 210 211 
204 208 212 213 
205 209 214 215 
206 210 212 214 
207 211 213 215 
192 204 216 217 
193 205 218 219 
194 206 216 218 
195 207 217 219 
196 208 220 221 
197 209 222 223 
198 210 220 222 
199 211 221 223 
200 212 216 220 
201 213 217 221 
202 214 218 222 
203 215 219 223 
160 192 224 225 
161 193 226 227 
162 194 224 226 
163 195 225 227 
164 196 228 229 
165 197 230 231 
166 198 228 230 
167 199 229 231 
168 200 224 228 
169 201 225 229 
170 202 226 230 
171 203 227 231 
172 204 232 233 
173 205 234 235 
174 206 232 234 
175 207 233 235 
176 208 236 237 
177 209 238 239 
178 210 236 238 
179 211 237 239 
180 212 232 236 
181 213 233 237 
182 214 234 238 
183 215 235 239 
184 216 224 232 
185 217 225 233 
186 218 226 234 
187 219 227 235 
188 220 228 236 
189 221 229 237 
190 222 230 238 
191 223 231 239 
240 241 242 243 
244 245 246 247 
240 244 248 249 
241 245 250 251 
242 246 248 250 
243 247 249 251 
252 253 254 255 
256 257 258 259 
252 256 260 261 
253 257 262 263 
254 258 260 262 
255 259 261 263 
240 252 264 265 
241 253 266 267 
242 254 264 266 
243 255 265 267 
244 256 268 269 
245 257 270 271 
246 258 268 270 
247 259 269 271 
248 260 264 268 
249 261 265 269 
250 262 266 270 
251 263 267 271 
272 273 274 275 
276 277 278 279 
272 276 280 281 
273 277 282 283 
274 278 280 282 
275 279 281 283 
284 285 286 287 
288 289 290 291 
284 288 292 293 
285 289 294 295 
286 290 292 294 
287 291 293 295 
272 284 296 297 
273 285 298 299 
274 286 296 298 
275 287 297 299 
276 288 300 301 
277 289 302 303 
278 290 300 302 
279 291 301 303 
280 292 296 300 
281 293 297 301 
282 294 298 302 
283 295 299 303 
240 272 304 305 
241 273 306 307 
242 274 304 306 
243 275 305 307 
244 276 308 309 
245 277 310 311 
246 278 308 310 
247 279 309 311 
248 280 304 308 
249 281 305 309 
250 282 306 310 
251 283 307 311 
252 284 312 313 
253 285 314 315 
254 286 312 314 
255 287 313 315 
256 288 316 317 
257 289 318 319 
258 290 316 318 
259 291 317 319 
260 292 312 316 
261 293 313 317 
262 294 314 318 
263 295 315 319 
264 296 304 312 
265 297 305 313 
266 298 306 314 
267 299 307 315 
268 300 308 316 
269 301 309 317 
270 302 310 318 
271 303 311 319 
320 321 322 323 
324 325 326 327 
320 324 328 329 
321 325 330 331 
322 326 328 330 
323 327 329 331 
332 333 334 335 
336 337 338 339 
332 336 340 341 
333 337 342 343 
334 338 340 342 
335 339 341 343 
320 332 344 345 
321 333 346 347 
322 334 344 346 
323 335 345 347 
324 336 348 349 
325 337 350 351 
326 338 348 350 
327 339 349 351 
328 340 344 348 
329 341 345 349 
330 342 346 350 
331 343 347 351 
352 353 354 355 
356 357 358 359 
352 356 360 361 
353 357 362 363 
354 358 360 362 
355 359 361 363 
364 365 366 367 
368 369 370 371 
364 368 372 373 
365 369 374 375 
366 370 372 374 
367 371 373 375 
352 364 376 377 
353 365 378 379 
354 366 376 378 
355 367 377 379 
356 368 380 381 
357 369 382 383 
358 370 380 382 
359 371 381 383 
360 372 376 380 
361 373 377 381 
362 374 378 382 
363 375 379 383 
320 352 384 385 
321 353 386 387 
322 354 384 386 
323 355 385 387 
324 356 388 389 
325 357 390 391 
326 358 388 390 
327 359 389 391 
328 360 384 388 
329 361 385 389 
330 362 386 390 
331 363 387 391 
332 364 392 393 
333 365 394 395 
334 366 392 394 
335 367 393 395 
336 368 396 397 
337 369 398 399 
338 370 396 398 
339 371 397 399 
340 372 392 396 
341 373 393 397 
342 374 394 398 
343 375 395 399 
344 376 384 392 
345 377 385 393 
346 378 386 394 
347 379 387 395 
348 380 388 396 
349 381 389 397 
350 382 390 398 
351 383 391 399 
400 401 402 403 
404 405 406 407 
400 404 408 409 
401 405 410 411 
402 406 408 410 
403 407 409 411 
412 413 414 415 
416 417 418 419 
412 416 420 421 
413 417 422 423 
414 418 420 422 
415 419 421 423 
400 412 424 425 
401 413 426 427 
402 414 424 426 
403 415 425 427 
404 416 428 429 
405 417 430 431 
406 418 428 430 
407 419 429 431 
408 420 424 428 
409 421 425 429 
410 422 426 430 
411 423 427 431 
432 433 434 435 
436 437 438 439 
432 436 440 441 
433 437 442 443 
434 438 440 442 
435 439 441 443 
444 445 446 447 
448 449 450 451 
444 448 452 453 
445 449 454 455 
446 450 452 454 
447 451 453 455 
432 444 456 457 
433 445 458 459 
434 446 456 458 
435 447 457 459 
436 448 460 461 
437 449 462 463 
438 450 460 462 
439 451 461 463 
440 452 456 460 
441 453 457 461 
442 454 458 462 
443 455 459 463 
400 432 464 465 
401 433 466 467 
402 434 464 466 
403 435 465 467 
404 436 468 469 
405 437 470 471 
406 438 468 470 
407 439 469 471 
408 440 464 468 
409 441 465 469 
410 442 466 470 
411 443 467 471 
412 444 472 473 
413 445 474 475 
414 446 472 474 
415 447 473 475 
416 448 476 477 
417 449 478 479 
418 450 476 478 
419 451 477 479 
420 452 472 476 
421 453 473 477 
422 454 474 478 
423 455 475 479 
424 456 464 472 
425 457 465 473 
426 458 466 474 
427 459 467 475 
428 460 468 476 
429 461 469 477 
430 462 470 478 
431 463 471 479 
480 481 482 483 
484 485 486 487 
480 484 488 489 
481 485 490 491 
482 486 488 490 
483 487 489 491 
492 493 494 495 
496 497 498 499 
492 496 500 501 
493 497 502 503 
494 498 500 502 
495 499 501 503 
480 492 504 505 
481 493 506 507 
482 494 504 506 
483 495 505 507 
484 496 508 509 
485 497 510 511 
486 498 508 510 
487 499 509 511 
488 500 504 508 
489 501 505 509 
490 502 506 510 
491 503 507 511 
512 513 514 515 
516 517 518 519 
512 516 520 521 
513 517 522 523 
514 518 520 522 
515 519 521 523 
524 525 526 527 
528 529 530 531 
524 528 532 533 
525 529 534 535 
526 530 532 534 
527 531 533 535 
512 524 536 537 
513 525 538 539 
514 526 536 538 
515 527 537 539 
516 528 540 541 
517 529 542 543 
518 530 540 542 
519 531 541 543 
520 532 536 540 
521 533 537 541 
522 534 538 542 
523 535 539 543 
480 512 544 545 
481 513 546 547 
482 514 544 546 
483 515 545 547 
484 516 548 549 
485 517 550 551 
486 518 548 550 
487 519 549 551 
488 520 544 548 
489 521 545 549 
490 522 546 550 
491 523 547 551 
492 524 552 553 
493 525 554 555 
494 526 552 554 
495 527 553 555 
496 528 556 557 
497 529 558 559 
498 530 556 558 
499 531 557 559 
500 532 552 556 
501 533 553 557 
502 534 554 558 
503 535 555 559 
504 536 544 552 
505 537 545 553 
506 538 546 554 
507 539 547 555 
508 540 548 556 
509 541 549 557 
510 542 550 558 
511 543 551 559 
560 561 562 563 
564 565 566 567 
560 564 568 569 
561 565 570 571 
562 566 568 570 
563 567 569 571 
572 573 574 575 
576 577 578 579 
572 576 580 581 
573 577 582 583 
574 578 580 582 
575 579 581 583 
560 572 584 585 
561 573 586 587 
562 574 584 586 
563 575 585 587 
564 576 588 589 
565 577 590 591 
566 578 588 590 
567 579 589 591 
568 580 584 588 
569 581 585 589 
570 582 586 590 
571 583 587 591 
592 593 594 595 
596 597 598 599 
592 596 600 601 
593 597 602 603 
594 598 600 602 
595 599 601 603 
604 605 606 607 
608 609 610 611 
604 608 612 613 
605 609 614 615 
606 610 612 614 
607 611 613 615 
592 604 616 617 
593 605 618 619 
594 606 616 618 
595 607 617 619 
596 608 620 621 
597 609 622 623 
598 610 620 622 
599 611 621 623 
600 612 616 620 
601 613 617 621 
602 614 618 622 
603 615 619 623 
560 592 624 625 
561 593 626 627 
562 594 624 626 
563 595 625 627 
564 596 628 629 
565 597 630 631 
566 598 628 630 
567 599 629 631 
568 600 624 628 
569 601 625 629 
570 602 626 630 
571 603 627 631 
572 604 632 633 
573 605 634 635 
574 606 632 634 
575 607 633 635 
576 608 636 637 
577 609 638 639 
578 610 636 638 
579 611 637 639 
580 612 632 636 
581 613 633 637 
582 614 634 638 
583 615 635 639 
584 616 624 632 
585 617 625 633 
586 618 626 634 
587 619 627 635 
588 620 628 636 
589 621 629 637 
590 622 630 638 
591 623 631 639 
640 641 642 643 
644 645 646 647 
640 644 648 649 
641 645 650 651 
642 646 648 650 
643 647 649 651 
652 653 654 655 
656 657 658 659 
652 656 660 661 
653 657 662 663 
654 658 660 662 
655 659 661 663 
640 652 664 665 
641 653 666 667 
642 654 664 666 
643 655 665 667 
644 656 668 669 
645 657 670 671 
646 658 668 670 
647 659 669 671 
648 660 664 668 
649 661 665 669 
650 662 666 670 
651 663 667 671 
672 673 674 675 
676 677 678 679 
672 676 680 681 
673 677 682 683 
674 678 680 682 
675 679 681 683 
684 685 686 687 
688 689 690 691 
684 688 692 693 
685 689 694 695 
686 690 692 694 
687 691 693 695 
672 684 696 697 
673 685 698 699 
674 686 696 698 
675 687 697 699 
676 688 700 701 
677 689 702 703 
678 690 700 702 
679 691 701 703 
680 692 696 700 
681 693 697 701 
682 694 698 702 
683 695 699 703 
640 672 704 705 
641 673 706 707 
642 674 704 706 
643 675 705 707 
644 676 708 709 
645 677 710 711 
646 678 708 710 
647 679 709 711 
648 680 704 708 
649 681 705 709 
650 682 706 710 
651 683 707 711 
652 684 712 713 
653 685 714 715 
654 686 712 714 
655 687 713 715 
656 688 716 717 
657 689 718 719 
658 690 716 718 
659 691 717 719 
660 692 712 716 
661 693 713 717 
662 694 714 718 
663 695 715 719 
664 696 704 712 
665 697 705 713 
666 698 706 714 
667 699 707 715 
668 700 708 716 
669 701 709 717 
670 702 710 718 
671 703 711 719 
720 721 722 723 
724 725 726 727 
720 724 728 729 
721 725 730 731 
722 726 728 730 
723 727 729 731 
732 733 734 735 
736 737 738 739 
732 736 740 741 
733 737 742 743 
734 738 740 742 
735 739 741 743 
720 732 744 745 
721 733 746 747 
722 734 744 746 
723 735 745 747 
724 736 748 749 
725 737 750 751 
726 738 748 750 
727 739 749 751 
728 740 744 748 
729 741 745 749 
730 742 746 750 
731 743 747 751 
752 753 754 755 
756 757 758 759 
752 756 760 761 
753 757 762 763 
754 758 760 762 
755 759 761 763 
764 765 766 767 
768 769 770 771 
764 768 772 773 
765 769 774 775 
766 770 772 774 
767 771 773 775 
752 764 776 777 
753 765 778 779 
754 766 776 778 
755 767 777 779 
756 768 780 781 
757 769 782 783 
758 770 780 782 
759 771 781 783 
760 772 776 780 
761 773 777 781 
762 774 778 782 
763 775 779 783 
720 752 784 785 
721 753 786 787 
722 754 784 786 
723 755 785 787 
724 756 788 789 
725 757 790 791 
726 758 788 790 
727 759 789 791 
728 760 784 788 
729 761 785 789 
730 762 786 790 
731 763 787 791 
732 764 792 793 
733 765 794 795 
734 766 792 794 
735 767 793 795 
736 768 796 797 
737 769 798 799 
738 770 796 798 
739 771 797 799 
740 772 792 796 
741 773 793 797 
742 774 794 798 
743 775 795 799 
744 776 784 792 
745 777 785 793 
746 778 786 794 
747 779 787 795 
748 780 788 796 
749 781 789 797 
750 782 790 798 
751 783 791 799 
800 801 802 803 
804 805 806 807 
800 804 808 809 
801 805 810 811 
802 806 808 810 
803 807 809 811 
812 813 814 815 
816 817 818 819 
812 816 820 821 
813 817 822 823 
814 818 820 822 
815 819 821 823 
800 812 824 825 
801 813 826 827 
802 814 824 826 
803 815 825 827 
804 816 828 829 
805 817 830 831 
806 818 828 830 
807 819 829 831 
808 820 824 828 
809 821 825 829 
810 822 826 830 
811 823 827 831 
832 833 834 835 
836 837 838 839 
832 836 840 841 
833 837 842 843 
834 838 840 842 
835 839 841 843 
844 845 846 847 
848 849 850 851 
844 848 852 853 
845 849 854 855 
846 850 852 854 
847 851 853 855 
832 844 856 857 
833 845 858 859 
834 846 856 858 
835 847 857 859 
836 848 860 861 
837 849 862 863 
838 850 860 862 
839 851 861 863 
840 852 856 860 
841 853 857 861 
842 854 858 862 
843 855 859 863 
800 832 864 865 
801 833 866 867 
802 834 864 866 
803 835 865 867 
804 836 868 869 
805 837 870 871 
806 838 868 870 
807 839 869 871 
808 840 864 868 
809 841 865 869 
810 842 866 870 
811 843 867 871 
812 844 872 873 
813 845 874 875 
814 846 872 874 
815 847 873 875 
816 848 876 877 
817 849 878 879 
818 850 876 878 
819 851 877 879 
820 852 872 876 
821 853 873 877 
822 854 874 878 
823 855 875 879 
824 856 864 872 
825 857 865 873 
826 858 866 874 
827 859 867 875 
828 860 868 876 
829 861 869 877 
830 862 870 878 
831 863 871 879 
880 881 882 883 
884 885 886 887 
880 884 888 889 
881 885 890 891 
882 886 888 890 
883 887 889 891 
892 893 894 895 
896 897 898 899 
892 896 900 901 
893 897 902 903 
894 898 900 902 
895 899 901 903 
880 892 904 905 
881 893 906 907 
882 894 904 906 
883 895 905 907 
884 896 908 909 
885 897 910 911 
886 898 908 910 
887 899 909 911 
888 900 904 908 
889 901 905 909 
890 902 906 910 
891 903 907 911 
912 913 914 915 
916 917 918 919 
912 916 920 921 
913 917 922 923 
914 918 920 922 
915 919 921 923 
924 925 926 927 
928 929 930 931 
924 928 932 933 
925 929 934 935 
926 930 932 934 
927 931 933 935 
912 924 936 937 
913 925 938 939 
914 926 936 938 
915 927 937 939 
916 928 940 941 
917 929 942 943 
918 930 940 942 
919 931 941 943 
920 932 936 940 
921 933 937 941 
922 934 938 942 
923 935 939 943 
880 912 944 945 
881 913 946 947 
882 914 944 946 
883 915 945 947 
884 916 948 949 
885 917 950 951 
886 918 948 950 
887 919 949 951 
888 920 944 948 
889 921 945 949 
890 922 946 950 
891 923 947 951 
892 924 952 953 
893 925 954 955 
894 926 952 954 
895 927 953 955 
896 928 956 957 
897 929 958 959 
898 930 956 958 
899 931 957 959 
900 932 952 956 
901 933 953 957 
902 934 954 958 
903 935 955 959 
904 936 944 952 
905 937 945 953 
906 938 946 954 
907 939 947 955 
908 940 948 956 
909 941 949 957 
910 942 950 958 
911 943 951 959 
960 961 962 963 
964 965 966 967 
960 964 968 969 
961 965 970 971 
962 966 968 970 
963 967 969 971 
972 973 974 975 
976 977 978 979 
972 976 980 981 
973 977 982 983 
974 978 980 982 
975 979 981 983 
960 972 984 985 
961 973 986 987 
962 974 984 986 
963 975 985 987 
964 976 988 989 
965 977 990 991 
966 978 988 990 
967 979 989 991 
968 980 984 988 
969 981 985 989 
970 982 986 990 
971 983 987 991 
992 993 994 995 
996 997 998 999 
992 996 1000 1001 
993 997 1002 1003 
994 998 1000 1002 
995 999 1001 1003 
1004 1005 1006 1007 
1008 1009 1010 1011 
1004 1008 1012 1013 
1005 1009 1014 1015 
1006 1010 1012 1014 
1007 1011 1013 1015 
992 1004 1016 1017 
993 1005 1018 1019 
994 1006 1016 1018 
995 1007 1017 1019 
996 1008 1020 1021 
997 1009 1022 1023 
998 1010 1020 1022 
999 1011 1021 1023 
1000 1012 1016 1020 
1001 1013 1017 1021 
1002 1014 1018 1022 
1003 1015 1019 1023 
960 992 1024 1025 
961 993 1026 1027 
962 994 1024 1026 
963 995 1025 1027 
964 996 1028 1029 
965 997 1030 1031 
966 998 1028 1030 
967 999 1029 1031 
968 1000 1024 1028 
969 1001 1025 1029 
970 1002 1026 1030 
971 1003 1027 1031 
972 1004 1032 1033 
973 1005 1034 1035 
974 1006 1032 1034 
975 1007 1033 1035 
976 1008 1036 1037 
977 1009 1038 1039 
978 1010 1036 1038 
979 1011 1037 1039 
980 1012 1032 1036 
981 1013 1033 1037 
982 1014 1034 1038 
983 1015 1035 1039 
984 1016 1024 1032 
985 1017 1025 1033 
986 1018 1026 1034 
987 1019 1027 1035 
988 1020 1028 1036 
989 1021 1029 1037 
990 1022 1030 1038 
991 1023 1031 1039 
1040 1041 1042 1043 
1044 1045 1046 1047 
1040 1044 1048 1049 
1041 1045 1050 1051 
1042 1046 1048 1050 
1043 1047 1049 1051 
1052 1053 1054 1055 
1056 1057 1058 1059 
1052 1056 1060 1061 
1053 1057 1062 1063 
1054 1058 1060 1062 
1055 1059 1061 1063 
1040 1052 1064 1065 
1041 1053 1066 1067 
1042 1054 1064 1066 
1043 1055 1065 1067 
1044 1056 1068 1069 
1045 1057 1070 1071 
1046 1058 1068 1070 
1047 1059 1069 1071 
1048 1060 1064 1068 
1049 1061 1065 1069 
1050 1062 1066 1070 
1051 1063 1067 1071 
1072 1073 1074 1075 
1076 1077 1078 1079 
1072 1076 1080 1081 
1073 1077 1082 1083 
1074 1078 1080 1082 
1075 1079 1081 1083 
1084 1085 1086 1087 
1088 1089 1090 1091 
1084 1088 1092 1093 
1085 1089 1094 1095 
1086 1090 1092 1094 
1087 1091 1093 1095 
1072 1084 1096 1097 
1073 1085 1098 1099 
1074 1086 1096 1098 
1075 1087 1097 1099 
1076 1088 1100 1101 
1077 1089 1102 1103 
1078 1090 1100 1102 
1079 1091 1101 1103 
1080 1092 1096 1100 
1081 1093 1097 1101 
1082 1094 1098 1102 
1083 1095 1099 1103 
1040 1072 1104 1105 
1041 1073 1106 1107 
1042 1074 1104 1106 
1043 1075 1105 1107 
1044 1076 1108 1109 
1045 1077 1110 1111 
1046 1078 1108 1110 
1047 1079 1109 1111 
1048 1080 1104 1108 
1049 1081 1105 1109 
1050 1082 1106 1110 
1051 1083 1107 1111 
1052 1084 1112 1113 
1053 1085 1114 1115 
1054 1086 1112 1114 
1055 1087 1113 1115 
1056 1088 1116 1117 
1057 1089 1118 1119 
1058 1090 1116 1118 
1059 1091 1117 1119 
1060 1092 1112 1116 
1061 1093 1113 1117 
1062 1094 1114 1118 
1063 1095 1115 1119 
1064 1096 1104 1112 
1065 1097 1105 1113 
1066 1098 1106 1114 
1067 1099 1107 1115 
1068 1100 1108 1116 
1069 1101 1109 1117 
1070 1102 1110 1118 
1071 1103 1111 1119 
1120 1121 1122 1123 
1124 1125 1126 1127 
1120 1124 1128 1129 
1121 1125 1130 1131 
1122 1126 1128 1130 
1123 1127 1129 1131 
1132 1133 1134 1135 
1136 1137 1138 1139 
1132 1136 1140 1141 
1133 1137 1142 1143 
1134 1138 1140 1142 
1135 1139 1141 1143 
1120 1132 1144 1145 
1121 1133 1146 1147 
1122 1134 1144 1146 
1123 1135 1145 1147 
1124 1136 1148 1149 
1125 1137 1150 1151 
1126 1138 1148 1150 
1127 1139 1149 1151 
1128 1140 1144 1148 
1129 1141 1145 1149 
1130 1142 1146 1150 
1131 1143 1147 1151 
1152 1153 1154 1155 
1156 1157 1158 1159 
1152 1156 1160 1161 
1153 1157 1162 1163 
1154 1158 1160 1162 
1155 1159 1161 1163 
1164 1165 1166 1167 
1168 1169 1170 1171 
1164 1168 1172 1173 
1165 1169 1174 1175 
1166 1170 1172 1174 
1167 1171 1173 1175 
1152 1164 1176 1177 
1153 1165 1178 1179 
1154 1166 1176 1178 
1155 1167 1177 1179 
1156 1168 1180 1181 
1157 1169 1182 1183 
1158 1170 1180 1182 
1159 1171 1181 1183 
1160 1172 1176 1180 
1161 1173 1177 1181 
1162 1174 1178 1182 
1163 1175 1179 1183 
1120 1152 1184 1185 
1121 1153 1186 1187 
1122 1154 1184 1186 
1123 1155 1185 1187 
1124 1156 1188 1189 
1125 1157 1190 1191 
1126 1158 1188 1190 
1127 1159 1189 1191 
1128 1160 1184 1188 
1129 1161 1185 1189 
1130 1162 1186 1190 
1131 1163 1187 1191 
1132 1164 1192 1193 
1133 1165 1194 1195 
1134 1166 1192 1194 
1135 1167 1193 1195 
1136 1168 1196 1197 
1137 1169 1198 1199 
1138 1170 1196 1198 
1139 1171 1197 1199 
1140 1172 1192 1196 
1141 1173 1193 1197 
1142 1174 1194 1198 
1143 1175 1195 1199 
1144 1176 1184 1192 
1145 1177 1185 1193 
1146 1178 1186 1194 
1147 1179 1187 1195 
1148 1180 1188 1196 
1149 1181 1189 1197 
1150 1182 1190 1198 
1151 1183 1191 1199 
1200 1201 1202 1203 
1204 1205 1206 1207 
1200 1204 1208 1209 
1201 1205 1210 1211 
1202 1206 1208 1210 
1203 1207 1209 1211 
1212 1213 1214 1215 
1216 1217 1218 1219 
1212 1216 1220 1221 
1213 1217 1222 1223 
1214 1218 1220 1222 
1215 1219 1221 1223 
1200 1212 1224 1225 
1201 1213 1226 1227 
1202 1214 1224 1226 
1203 1215 1225 1227 
1204 1216 1228 1229 
1205 1217 1230 1231 
1206 1218 1228 1230 
1207 1219 1229 1231 
1208 1220 1224 1228 
1209 1221 1225 1229 
1210 1222 1226 1230 
1211 1223 1227 1231 
1232 1233 1234 1235 
1236 1237 1238 1239 
1232 1236 1240 1241 
1233 1237 1242 1243 
1234 1238 1240 1242 
1235 1239 1241 1243 
1244 1245 1246 1247 
1248 1249 1250 1251 
1244 1248 1252 1253 
1245 1249 1254 1255 
1246 1250 1252 1254 
1247 1251 1253 1255 
1232 1244 1256 1257 
1233 1245 1258 1259 
1234 1246 1256 1258 
1235 1247 1257 1259 
1236 1248 1260 1261 
1237 1249 1262 1263 
1238 1250 1260 1262 
1239 1251 1261 1263 
1240 1252 1256 1260 
1241 1253 1257 1261 
1242 1254 1258 1262 
1243 1255 1259 1263 
1200 1232 1264 1265 
1201 1233 1266 1267 
1202 1234 1264 1266 
1203 1235 1265 1267 
1204 1236 1268 1269 
1205 1237 1270 1271 
1206 1238 1268 1270 
1207 1239 1269 1271 
1208 1240 1264 1268 
1209 1241 1265 1269 
1210 1242 1266 1270 
1211 1243 1267 1271 
1212 1244 1272 1273 
1213 1245 1274 1275 
1214 1246 1272 1274 
1215 1247 1273 1275 
1216 1248 1276 1277 
1217 1249 1278 1279 
1218 1250 1276 1278 
1219 1251 1277 1279 
1220 1252 1272 1276 
1221 1253 1273 1277 
1222 1254 1274 1278 
1223 1255 1275 1279 
1224 1256 1264 1272 
1225 1257 1265 1273 
1226 1258 1266 1274 
1227 1259 1267 1275 
1228 1260 1268 1276 
1229 1261 1269 1277 
1230 1262 1270 1278 
1231 1263 1271 1279 
1280 1281 1282 1283 
1284 1285 1286 1287 
1280 1284 1288 1289 
1281 1285 1290 1291 
1282 1286 1288 1290 
1283 1287 1289 1291 
1292 1293 1294 1295 
1296 1297 1298 1299 
1292 1296 1300 1301 
1293 1297 1302 1303 
1294 1298 1300 1302 
1295 1299 1301 1303 
1280 1292 1304 1305 
1281 1293 1306 1307 
1282 1294 1304 1306 
1283 1295 1305 1307 
1284 1296 1308 1309 
1285 1297 1310 1311 
1286 1298 1308 1310 
1287 1299 1309 1311 
1288 1300 1304 1308 
1289 1301 1305 1309 
1290 1302 1306 1310 
1291 1303 1307 1311 
1312 1313 1314 1315 
1316 1317 1318 1319 
1312 1316 1320 1321 
1313 1317 1322 1323 
1314 1318 1320 1322 
1315 1319 1321 1323 
1324 1325 1326 1327 
1328 1329 1330 1331 
1324 1328 1332 1333 
1325 1329 1334 1335 
1326 1330 1332 1334 
1327 1331 1333 1335 
1312 1324 1336 1337 
1313 1325 1338 1339 
1314 1326 1336 1338 
1315 1327 1337 1339 
1316 1328 1340 1341 
1317 1329 1342 1343 
1318 1330 1340 1342 
1319 1331 1341 1343 
1320 1332 1336 1340 
1321 1333 1337 1341 
1322 1334 1338 1342 
1323 1335 1339 1343 
1280 1312 1344 1345 
1281 1313 1346 1347 
1282 1314 1344 1346 
1283 1315 1345 1347 
1284 1316 1348 1349 
1285 1317 1350 1351 
1286 1318 1348 1350 
1287 1319 1349 1351 
1288 1320 1344 1348 
1289 1321 1345 1349 
1290 1322 1346 1350 
1291 1323 1347 1351 
1292 1324 1352 1353 
1293 1325 1354 1355 
1294 1326 1352 1354 
1295 1327 1353 1355 
1296 1328 1356 1357 
1297 1329 1358 1359 
1298 1330 1356 1358 
1299 1331 1357 1359 
1300 1332 1352 1356 
1301 1333 1353 1357 
1302 1334 1354 1358 
1303 1335 1355 1359 
1304 1336 1344 1352 
1305 1337 1345 1353 
1306 1338 1346 1354 
1307 1339 1347 1355 
1308 1340 1348 1356 
1309 1341 1349 1357 
1310 1342 1350 1358 
1311 1343 1351 1359 
1360 1361 1362 1363 
1364 1365 1366 1367 
1360 1364 1368 1369 
1361 1365 1370 1371 
1362 1366 1368 1370 
1363 1367 1369 1371 
1372 1373 1374 1375 
1376 1377 1378 1379 
1372 1376 1380 1381 
1373 1377 1382 1383 
1374 1378 1380 1382 
1375 1379 1381 1383 
1360 1372 1384 1385 
1361 1373 1386 1387 
1362 1374 1384 1386 
1363 1375 1385 1387 
1364 1376 1388 1389 
1365 1377 1390 1391 
1366 1378 1388 1390 
1367 1379 1389 1391 
1368 1380 1384 1388 
1369 1381 1385 1389 
1370 1382 1386 1390 
1371 1383 1387 1391 
1392 1393 1394 1395 
1396 1397 1398 1399 
1392 1396 1400 1401 
1393 1397 1402 1403 
1394 1398 1400 1402 
1395 1399 1401 1403 
1404 1405 1406 1407 
1408 1409 1410 1411 
1404 1408 1412 1413 
1405 1409 1414 1415 
1406 1410 1412 1414 
1407 1411 1413 1415 
1392 1404 1416 1417 
1393 1405 1418 1419 
1394 1406 1416 1418 
1395 1407 1417 1419 
1396 1408 1420 1421 
1397 1409 1422 1423 
1398 1410 1420 1422 
1399 1411 1421 1423 
1400 1412 1416 1420 
1401 1413 1417 1421 
1402 1414 1418 1422 
1403 1415 1419 1423 
1360 1392 1424 1425 
1361 1393 1426 1427 
1362 1394 1424 1426 
1363 1395 1425 1427 
1364 1396 1428 1429 
1365 1397 1430 1431 
1366 1398 1428 1430 
1367 1399 1429 1431 
1368 1400 1424 1428 
1369 1401 1425 1429 
1370 1402 1426 1430 
1371 1403 1427 1431 
1372 1404 1432 1433 
1373 1405 1434 1435 
1374 1406 1432 1434 
1375 1407 1433 1435 
1376 1408 1436 1437 
1377 1409 1438 1439 
1378 1410 1436 1438 
1379 1411 1437 1439 
1380 1412 1432 1436 
1381 1413 1433 1437 
1382 1414 1434 1438 
1383 1415 1435 1439 
1384 1416 1424 1432 
1385 1417 1425 1433 
1386 1418 1426 1434 
1387 1419 1427 1435 
1388 1420 1428 1436 
1389 1421 1429 1437 
1390 1422 1430 1438 
1391 1423 1431 1439 
1440 1441 1442 1443 
1444 1445 1446 1447 
1440 1444 1448 1449 
1441 1445 1450 1451 
1442 1446 1448 1450 
1443 1447 1449 1451 
1452 1453 1454 1455 
1456 1457 1458 1459 
1452 1456 1460 1461 
1453 1457 1462 1463 
1454 1458 1460 1462 
1455 1459 1461 1463 
1440 1452 1464 1465 
1441 1453 1466 1467 
1442 1454 1464 1466 
1443 1455 1465 1467 
1444 1456 1468 1469 
1445 1457 1470 1471 
1446 1458 1468 1470 
1447 1459 1469 1471 
1448 1460 1464 1468 
1449 1461 1465 1469 
1450 1462 1466 1470 
1451 1463 1467 1471 
1472 1473 1474 1475 
1476 1477 1478 1479 
1472 1476 1480 1481 
1473 1477 1482 1483 
1474 1478 1480 1482 
1475 1479 1481 1483 
1484 1485 1486 1487 
1488 1489 1490 1491 
1484 1488 1492 1493 
1485 1489 1494 1495 
1486 1490 1492 1494 
1487 1491 1493 1495 
1472 1484 1496 1497 
1473 1485 1498 1499 
1474 1486 1496 1498 
1475 1487 1497 1499 
1476 1488 1500 1501 
1477 1489 1502 1503 
1478 1490 1500 1502 
1479 1491 1501 1503 
1480 1492 1496 1500 
1481 1493 1497 1501 
1482 1494 1498 1502 
1483 1495 1499 1503 
1440 1472 1504 1505 
1441 1473 1506 1507 
1442 1474 1504 1506 
1443 1475 1505 1507 
1444 1476 1508 1509 
1445 1477 1510 1511 
1446 1478 1508 1510 
1447 1479 1509 1511 
1448 1480 1504 1508 
1449 1481 1505 1509 
1450 1482 1506 1510 
1451 1483 1507 1511 
1452 1484 1512 1513 
1453 1485 1514 1515 
1454 1486 1512 1514 
1455 1487 1513 1515 
1456 1488 1516 1517 
1457 1489 1518 1519 
1458 1490 1516 1518 
1459 1491 1517 1519 
1460 1492 1512 1516 
1461 1493 1513 1517 
1462 1494 1514 1518 
1463 1495 1515 1519 
1464 1496 1504 1512 
1465 1497 1505 1513 
1466 1498 1506 1514 
1467 1499 1507 1515 
1468 1500 1508 1516 
1469 1501 1509 1517 
1470 1502 1510 1518 
1471 1503 1511 1519 
1520 1521 1522 1523 
1524 1525 1526 1527 
1520 1524 1528 1529 
1521 1525 1530 1531 
1522 1526 1528 1530 
1523 1527 1529 1531 
1532 1533 1534 1535 
1536 1537 1538 1539 
1532 1536 1540 1541 
1533 1537 1542 1543 
1534 1538 1540 1542 
1535 1539 1541 1543 
1520 1532 1544 1545 
1521 1533 1546 1547 
1522 1534 1544 1546 
1523 1535 1545 1547 
1524 1536 1548 1549 
1525 1537 1550 1551 
1526 1538 1548 1550 
1527 1539 1549 1551 
1528 1540 1544 1548 
1529 1541 1545 1549 
1530 1542 1546 1550 
1531 1543 1547 1551 
1552 1553 1554 1555 
1556 1557 1558 1559 
1552 1556 1560 1561 
1553 1557 1562 1563 
1554 1558 1560 1562 
1555 1559 1561 1563 
1564 1565 1566 1567 
1568 1569 1570 1571 
1564 1568 1572 1573 
1565 1569 1574 1575 
1566 1570 1572 1574 
1567 1571 1573 1575 
1552 1564 1576 1577 
1553 1565 1578 1579 
1554 1566 1576 1578 
1555 1567 1577 1579 
1556 1568 1580 1581 
1557 1569 1582 1583 
1558 1570 1580 1582 
1559 1571 1581 1583 
1560 1572 1576 1580 
1561 1573 1577 1581 
1562 1574 1578 1582 
1563 1575 1579 1583 
1520 1552 1584 1585 
1521 1553 1586 1587 
1522 1554 1584 1586 
1523 1555 1585 1587 
1524 1556 1588 1589 
1525 1557 1590 1591 
1526 1558 1588 1590 
1527 1559 1589 1591 
1528 1560 1584 1588 
1529 1561 1585 1589 
1530 1562 1586 1590 
1531 1563 1587 1591 
1532 1564 1592 1593 
1533 1565 1594 1595 
1534 1566 1592 1594 
1535 1567 1593 1595 
1536 1568 1596 1597 
1537 1569 1598 1599 
1538 1570 1596 1598 
1539 1571 1597 1599 
1540 1572 1592 1596 
1541 1573 1593 1597 
1542 1574 1594 1598 
1543 1575 1595 1599 
1544 1576 1584 1592 
1545 1577 1585 1593 
1546 1578 1586 1594 
1547 1579 1587 1595 
1548 1580 1588 1596 
1549 1581 1589 1597 
1550 1582 1590 1598 
1551 1583 1591 1599 
1600 1601 1602 1603 
1604 1605 1606 1607 
1600 1604 1608 1609 
1601 1605 1610 1611 
1602 1606 1608 1610 
1603 1607 1609 1611 
1612 1613 1614 1615 
1616 1617 1618 1619 
1612 1616 1620 1621 
1613 1617 1622 1623 
1614 1618 1620 1622 
1615 1619 1621 1623 
1600 1612 1624 1625 
1601 1613 1626 1627 
1602 1614 1624 1626 
1603 1615 1625 1627 
1604 1616 1628 1629 
1605 1617 1630 1631 
1606 1618 1628 1630 
1607 1619 1629 1631 
1608 1620 1624 1628 
1609 1621 1625 1629 
1610 1622 1626 1630 
1611 1623 1627 1631 
1632 1633 1634 1635 
1636 1637 1638 1639 
1632 1636 1640 1641 
1633 1637 1642 1643 
1634 1638 1640 1642 
1635 1639 1641 1643 
1644 1645 1646 1647 
1648 1649 1650 1651 
1644 1648 1652 1653 
1645 1649 1654 1655 
1646 1650 1652 1654 
1647 1651 1653 1655 
1632 1644 1656 1657 
1633 1645 1658 1659 
1634 1646 1656 1658 
1635 1647 1657 1659 
1636 1648 1660 1661 
1637 1649 1662 1663 
1638 1650 1660 1662 
1639 1651 1661 1663 
1640 1652 1656 1660 
1641 1653 1657 1661 
1642 1654 1658 1662 
1643 1655 1659 1663 
1600 1632 1664 1665 
1601 1633 1666 1667 
1602 1634 1664 1666 
1603 1635 1665 1667 
1604 1636 1668 1669 
1605 1637 1670 1671 
1606 1638 1668 1670 
1607 1639 1669 1671 
1608 1640 1664 1668 
1609 1641 1665 1669 
1610 1642 1666 1670 
1611 1643 1667 1671 
1612 1644 1672 1673 
1613 1645 1674 1675 
1614 1646 1672 1674 
1615 1647 1673 1675 
1616 1648 1676 1677 
1617 1649 1678 1679 
1618 1650 1676 1678 
1619 1651 1677 1679 
1620 1652 1672 1676 
1621 1653 1673 1677 
1622 1654 1674 1678 
1623 1655 1675 1679 
1624 1656 1664 1672 
1625 1657 1665 1673 
1626 1658 1666 1674 
1627 1659 1667 1675 
1628 1660 1668 1676 
1629 1661 1669 1677 
1630 1662 1670 1678 
1631 1663 1671 1679 
1680 1681 1682 1683 
1684 1685 1686 1687 
1680 1684 1688 1689 
1681 1685 1690 1691 
1682 1686 1688 1690 
1683 1687 1689 1691 
1692 1693 1694 1695 
1696 1697 1698 1699 
1692 1696 1700 1701 
1693 1697 1702 1703 
1694 1698 1700 1702 
1695 1699 1701 1703 
1680 1692 1704 1705 
1681 1693 1706 1707 
1682 1694 1704 1706 
1683 1695 1705 1707 
1684 1696 1708 1709 
1685 1697 1710 1711 
1686 1698 1708 1710 
1687 1699 1709 1711 
1688 1700 1704 1708 
1689 1701 1705 1709 
1690 1702 1706 1710 
1691 1703 1707 1711 
1712 1713 1714 1715 
1716 1717 1718 1719 
1712 1716 1720 1721 
1713 1717 1722 1723 
1714 1718 1720 1722 
1715 1719 1721 1723 
1724 1725 1726 1727 
1728 1729 1730 1731 
1724 1728 1732 1733 
1725 1729 1734 1735 
1726 1730 1732 1734 
1727 1731 1733 1735 
1712 1724 1736 1737 
1713 1725 1738 1739 
1714 1726 1736 1738 
1715 1727 1737 1739 
1716 1728 1740 1741 
1717 1729 1742 1743 
1718 1730 1740 1742 
1719 1731 1741 1743 
1720 1732 1736 1740 
1721 1733 1737 1741 
1722 1734 1738 1742 
1723 1735 1739 1743 
1680 1712 1744 1745 
1681 1713 1746 1747 
1682 1714 1744 1746 
1683 1715 1745 1747 
1684 1716 1748 1749 
1685 1717 1750 1751 
1686 1718 1748 1750 
1687 1719 1749 1751 
1688 1720 1744 1748 
1689 1721 1745 1749 
1690 1722 1746 1750 
1691 1723 1747 1751 
1692 1724 1752 1753 
1693 1725 1754 1755 
1694 1726 1752 1754 
1695 1727 1753 1755 
1696 1728 1756 1757 
1697 1729 1758 1759 
1698 1730 1756 1758 
1699 1731 1757 1759 
1700 1732 1752 1756 
1701 1733 1753 1757 
1702 1734 1754 1758 
1703 1735 1755 1759 
1704 1736 1744 1752 
1705 1737 1745 1753 
1706 1738 1746 1754 
1707 1739 1747 1755 
1708 1740 1748 1756 
1709 1741 1749 1757 
1710 1742 1750 1758 
1711 1743 1751 1759 

0 1 2 3 4 5 
6 7 8 9 10 11 
0 6 12 13 14 15 
1 7 16 17 18 19 
2 8 12 16 20 21 
3 9 13 17 22 23 
4 10 14 18 20 22 
5 11 15 19 21 23 
24 25 26 27 28 29 
30 31 32 33 34 35 
24 30 36 37 38 39 
25 31 40 41 42 43 
26 32 36 40 44 45 
27 33 37 41 46 47 
28 34 38 42 44 46 
29 35 39 43 45 47 
0 24 48 49 50 51 
1 25 52 53 54 55 
2 26 48 52 56 57 
3 27 49 53 58 59 
4 28 50 54 56 58 
5 29 51 55 57 59 
6 30 60 61 62 63 
7 31 64 65 66 67 
8 32 60 64 68 69 
9 33 61 65 70 71 
10 34 62 66 68 70 
11 35 63 67 69 71 
12 36 48 60 72 73 
13 37 49 61 74 75 
14 38 50 62 72 74 
15 39 51 63 73 75 
16 40 52 64 76 77 
17 41 53 65 78 79 
18 42 54 66 76 78 
19 43 55 67 77 79 
20 44 56 68 72 76 
21 45 57 69 73 77 
22 46 58 70 74 78 
23 47 59 71 75 79 
80 81 82 83 84 85 
86 87 88 89 90 91 
80 86 92 93 94 95 
81 87 96 97 98 99 
82 88 92 96 100 101 
83 89 93 97 102 103 
84 90 94 98 100 102 
85 91 95 99 101 103 
104 105 106 107 108 109 
110 111 112 113 114 115 
104 110 116 117 118 119 
105 111 120 121 122 123 
106 112 116 120 124 125 
107 113 117 121 126 127 
108 114 118 122 124 126 
109 115 119 123 125 127 
80 104 128 129 130 131 
81 105 132 133 134 135 
82 106 128 132 136 137 
83 107 129 133 138 139 
84 108 130 134 136 138 
85 109 131 135 137 139 
86 110 140 141 142 143 
87 111 144 145 146 147 
88 112 140 144 148 149 
89 113 141 145 150 151 
90 114 142 146 148 150 
91 115 143 147 149 151 
92 116 128 140 152 153 
93 117 129 141 154 155 
94 118 130 142 152 154 
95 119 131 143 153 155 
96 120 132 144 156 157 
97 121 133 145 158 159 
98 122 134 146 156 158 
99 123 135 147 157 159 
100 124 136 148 152 156 
101 125 137 149 153 157 
102 126 138 150 154 158 
103 127 139 151 155 159 
160 161 162 163 164 165 
166 167 168 169 170 171 
160 166 172 173 174 175 
161 167 176 177 178 179 
162 168 172 176 180 181 
163 169 173 177 182 183 
164 170 174 178 180 182 
165 171 175 179 181 183 
184 185 186 187 188 189 
190 191 192 193 194 195 
184 190 196 197 198 199 
185 191 200 201 202 203 
186 192 196 200 204 205 
187 193 197 201 206 207 
188 194 198 202 204 206 
189 195 199 203 205 207 
160 184 208 209 210 211 
161 185 212 213 214 215 
162 186 208 212 216 217 
163 187 209 213 218 219 
164 188 210 214 216 218 
165 189 211 215 217 219 
166 190 220 221 222 223 
167 191 224 225 226 227 
168 192 220 224 228 229 
169 193 221 225 230 231 
170 194 222 226 228 230 
171 195 223 227 229 231 
172 196 208 220 232 233 
173 197 209 221 234 235 
174 198 210 222 232 234 
175 199 211 223 233 235 
176 200 212 224 236 237 
177 201 213 225 238 239 
178 202 214 226 236 238 
179 203 215 227 237 239 
180 204 216 228 232 236 
181 205 217 229 233 237 
182 206 218 230 234 238 
183 207 219 231 235 239 
240 241 242 243 244 245 
246 247 248 249 250 251 
240 246 252 253 254 255 
241 247 256 257 258 259 
242 248 252 256 260 261 
243 249 253 257 262 263 
244 250 254 258 260 262 
245 251 255 259 261 263 
264 265 266 267 268 269 
270 271 272 273 274 275 
264 270 276 277 278 279 
265 271 280 281 282 283 
266 272 276 280 284 285 
267 273 277 281 286 287 
268 274 278 282 284 286 
269 275 279 283 285 287 
240 264 288 289 290 291 
241 265 292 293 294 295 
242 266 288 292 296 297 
243 267 289 293 298 299 
244 268 290 294 296 298 
245 269 291 295 297 299 
246 270 300 301 302 303 
247 271 304 305 306 307 
248 272 300 304 308 309 
249 273 301 305 310 311 
250 274 302 306 308 310 
251 275 303 307 309 311 
252 276 288 300 312 313 
253 277 289 301 314 315 
254 278 290 302 312 314 
255 279 291 303 313 315 
256 280 292 304 316 317 
257 281 293 305 318 319 
258 282 294 306 316 318 
259 283 295 307 317 319 
260 284 296 308 312 316 
261 285 297 309 313 317 
262 286 298 310 314 318 
263 287 299 311 315 319 
320 321 322 323 324 325 
326 327 328 329 330 331 
320 326 332 333 334 335 
321 327 336 337 338 339 
322 328 332 336 340 341 
323 329 333 337 342 343 
324 330 334 338 340 342 
325 331 335 339 341 343 
344 345 346 347 348 349 
350 351 352 353 354 355 
344 350 356 357 358 359 
345 351 360 361 362 363 
346 352 356 360 364 365 
347 353 357 361 366 367 
348 354 358 362 364 366 
349 355 359 363 365 367 
320 344 368 369 370 371 
321 345 372 373 374 375 
322 346 368 372 376 377 
323 347 369 373 378 379 
324 348 370 374 376 378 
325 349 371 375 377 379 
326 350 380 381 382 383 
327 351 384 385 386 387 
328 352 380 384 388 389 
329 353 381 385 390 391 
330 354 382 386 388 390 
331 355 383 387 389 391 
332 356 368 380 392 393 
333 357 369 381 394 395 
334 358 370 382 392 394 
335 359 371 383 393 395 
336 360 372 384 396 397 
337 361 373 385 398 399 
338 362 374 386 396 398 
339 363 375 387 397 399 
340 364 376 388 392 396 
341 365 377 389 393 397 
342 366 378 390 394 398 
343 367 379 391 395 399 
400 401 402 403 404 405 
406 407 408 409 410 411 
400 406 412 413 414 415 
401 407 416 417 418 419 
402 408 412 416 420 421 
403 409 413 417 422 423 
404 410 414 418 420 422 
405 411 415 419 421 423 
424 425 426 427 428 429 
430 431 432 433 434 435 
424 430 436 437 438 439 
425 431 440 441 442 443 
426 432 436 440 444 445 
427 433 437 441 446 447 
428 434 438 442 444 446 
429 435 439 443 445 447 
400 424 448 449 450 451 
401 425 452 453 454 455 
402 426 448 452 456 457 
403 427 449 453 458 459 
404 428 450 454 456 458 
405 429 451 455 457 459 
406 430 460 461 462 463 
407 431 464 465 466 467 
408 432 460 464 468 469 
409 433 461 465 470 471 
410 434 462 466 468 470 
411 435 463 467 469 471 
412 436 448 460 472 473 
413 437 449 461 474 475 
414 438 450 462 472 474 
415 439 451 463 473 475 
416 440 452 464 476 477 
417 441 453 465 478 479 
418 442 454 466 476 478 
419 443 455 467 477 479 
420 444 456 468 472 476 
421 445 457 469 473 477 
422 446 458 470 474 478 
423 447 459 471 475 479 
480 481 482 483 484 485 
486 487 488 489 490 491 
480 486 492 493 494 495 
481 487 496 497 498 499 
482 488 492 496 500 501 
483 489 493 497 502 503 
484 490 494 498 500 502 
485 491 495 499 501 503 
504 505 506 507 508 509 
510 511 512 513 514 515 
504 510 516 517 518 519 
505 511 520 521 522 523 
506 512 516 520 524 525 
507 513 517 521 526 527 
508 514 518 522 524 526 
509 515 519 523 525 527 
480 504 528 529 530 531 
481 505 532 533 534 535 
482 506 528 532 536 537 
483 507 529 533 538 539 
484 508 530 534 536 538 
485 509 531 535 537 539 
486 510 540 541 542 543 
487 511 544 545 546 547 
488 512 540 544 548 549 
489 513 541 545 550 551 
490 514 542 546 548 550 
491 515 543 547 549 551 
492 516 528 540 552 553 
493 517 529 541 554 555 
494 518 530 542 552 554 
495 519 531 543 553 555 
496 520 532 544 556 557 
497 521 533 545 558 559 
498 522 534 546 556 558 
499 523 535 547 557 559 
500 524 536 548 552 556 
501 525 537 549 553 557 
502 526 538 550 554 558 
503 527 539 551 555 559 
560 561 562 563 564 565 
566 567 568 569 570 571 
560 566 572 573 574 575 
561 567 576 577 578 579 
562 568 572 576 580 581 
563 569 573 577 582 583 
564 570 574 578 580 582 
565 571 575 579 581 583 
584 585 586 587 588 589 
590 591 592 593 594 595 
584 590 596 597 598 599 
585 591 600 601 602 603 
586 592 596 600 604 605 
587 593 597 601 606 607 
588 594 598 602 604 606 
589 595 599 603 605 607 
560 584 608 609 610 611 
561 585 612 613 614 615 
562 586 608 612 616 617 
563 587 609 613 618 619 
564 588 610 614 616 618 
565 589 611 615 617 619 
566 590 620 621 622 623 
567 591 624 625 626 627 
568 592 620 624 628 629 
569 593 621 625 630 631 
570 594 622 626 628 630 
571 595 623 627 629 631 
572 596 608 620 632 633 
573 597 609 621 634 635 
574 598 610 622 632 634 
575 599 611 623 633 635 
576 600 612 624 636 637 
577 601 613 625 638 639 
578 602 614 626 636 638 
579 603 615 627 637 639 
580 604 616 628 632 636 
581 605 617 629 633 637 
582 606 618 630 634 638 
583 607 619 631 635 639 
640 641 642 643 644 645 
646 647 648 649 650 651 
640 646 652 653 654 655 
641 647 656 657 658 659 
642 648 652 656 660 661 
643 649 653 657 662 663 
644 650 654 658 660 662 
645 651 655 659 661 663 
664 665 666 667 668 669 
670 671 672 673 674 675 
664 670 676 677 678 679 
665 671 680 681 682 683 
666 672 676 680 684 685 
667 673 677 681 686 687 
668 674 678 682 684 686 
669 675 679 683 685 687 
640 664 688 689 690 691 
641 665 692 693 694 695 
642 666 688 692 696 697 
643 667 689 693 698 699 
644 668 690 694 696 698 
645 669 691 695 697 699 
646 670 700 701 702 703 
647 671 704 705 706 707 
648 672 700 704 708 709 
649 673 701 705 710 711 
650 674 702 706 708 710 
651 675 703 707 709 711 
652 676 688 700 712 713 
653 677 689 701 714 715 
654 678 690 702 712 714 
655 679 691 703 713 715 
656 680 692 704 716 717 
657 681 693 705 718 719 
658 682 694 706 716 718 
659 683 695 707 717 719 
660 684 696 708 712 716 
661 685 697 709 713 717 
662 686 698 710 714 718 
663 687 699 711 715 719 
720 721 722 723 724 725 
726 727 728 729 730 731 
720 726 732 733 734 735 
721 727 736 737 738 739 
722 728 732 736 740 741 
723 729 733 737 742 743 
724 730 734 738 740 742 
725 731 735 739 741 743 
744 745 746 747 748 749 
750 751 752 753 754 755 
744 750 756 757 758 759 
745 751 760 761 762 763 
746 752 756 760 764 765 
747 753 757 761 766 767 
748 754 758 762 764 766 
749 755 759 763 765 767 
720 744 768 769 770 771 
721 745 772 773 774 775 
722 746 768 772 776 777 
723 747 769 773 778 779 
724 748 770 774 776 778 
725 749 771 775 777 779 
726 750 780 781 782 783 
727 751 784 785 786 787 
728 752 780 784 788 789 
729 753 781 785 790 791 
730 754 782 786 788 790 
731 755 783 787 789 791 
732 756 768 780 792 793 
733 757 769 781 794 795 
734 758 770 782 792 794 
735 759 771 783 793 795 
736 760 772 784 796 797 
737 761 773 785 798 799 
738 762 774 786 796 798 
739 763 775 787 797 799 
740 764 776 788 792 796 
741 765 777 789 793 797 
742 766 778 790 794 798 
743 767 779 791 795 799 
800 801 802 803 804 805 
806 807 808 809 810 811 
800 806 812 813 814 815 
801 807 816 817 818 819 
802 808 812 816 820 821 
803 809 813 817 822 823 
804 810 814 818 820 822 
805 811 815 819 821 823 
824 825 826 827 828 829 
830 831 832 833 834 835 
824 830 836 837 838 839 
825 831 840 841 842 843 
826 832 836 840 844 845 
827 833 837 841 846 847 
828 834 838 842 844 846 
829 835 839 843 845 847 
800 824 848 849 850 851 
801 825 852 853 854 855 
802 826 848 852 856 857 
803 827 849 853 858 859 
804 828 850 854 856 858 
805 829 851 855 857 859 
806 830 860 861 862 863 
807 831 864 865 866 867 
808 832 860 864 868 869 
809 833 861 865 870 871 
810 834 862 866 868 870 
811 835 863 867 869 871 
812 836 848 860 872 873 
813 837 849 861 874 875 
814 838 850 862 872 874 
815 839 851 863 873 875 
816 840 852 864 876 877 
817 841 853 865 878 879 
818 842 854 866 876 878 
819 843 855 867 877 879 
820 844 856 868 872 876 
821 845 857 869 873 877 
822 846 858 870 874 878 
823 847 859 871 875 879 
880 881 882 883 884 885 
886 887 888 889 890 891 
880 886 892 893 894 895 
881 887 896 897 898 899 
882 888 892 896 900 901 
883 889 893 897 902 903 
884 890 894 898 900 902 
885 891 895 899 901 903 
904 905 906 907 908 909 
910 911 912 913 914 915 
904 910 916 917 918 919 
905 911 920 921 922 923 
906 912 916 920 924 925 
907 913 917 921 926 927 
908 914 918 922 924 926 
909 915 919 923 925 927 
880 904 928 929 930 931 
881 905 932 933 934 935 
882 906 928 932 936 937 
883 907 929 933 938 939 
884 908 930 934 936 938 
885 909 931 935 937 939 
886 910 940 941 942 943 
887 911 944 945 946 947 
888 912 940 944 948 949 
889 913 941 945 950 951 
890 914 942 946 948 950 
891 915 943 947 949 951 
892 916 928 940 952 953 
893 917 929 941 954 955 
894 918 930 942 952 954 
895 919 931 943 953 955 
896 920 932 944 956 957 
897 921 933 945 958 959 
898 922 934 946 956 958 
899 923 935 947 957 959 
900 924 936 948 952 956 
901 925 937 949 953 957 
902 926 938 950 954 958 
903 927 939 951 955 959 
960 961 962 963 964 965 
966 967 968 969 970 971 
960 966 972 973 974 975 
961 967 976 977 978 979 
962 968 972 976 980 981 
963 969 973 977 982 983 
964 970 974 978 980 982 
965 971 975 979 981 983 
984 985 986 987 988 989 
990 991 992 993 994 995 
984 990 996 997 998 999 
985 991 1000 1001 1002 1003 
986 992 996 1000 1004 1005 
987 993 997 1001 1006 1007 
988 994 998 1002 1004 1006 
989 995 999 1003 1005 1007 
960 984 1008 1009 1010 1011 
961 985 1012 1013 1014 1015 
962 986 1008 1012 1016 1017 
963 987 1009 1013 1018 1019 
964 988 1010 1014 1016 1018 
965 989 1011 1015 1017 1019 
966 990 1020 1021 1022 1023 
967 991 1024 1025 1026 1027 
968 992 1020 1024 1028 1029 
969 993 1021 1025 1030 1031 
970 994 1022 1026 1028 1030 
971 995 1023 1027 1029 1031 
972 996 1008 1020 1032 1033 
973 997 1009 1021 1034 1035 
974 998 1010 1022 1032 1034 
975 999 1011 1023 1033 1035 
976 1000 1012 1024 1036 1037 
977 1001 1013 1025 1038 1039 
978 1002 1014 1026 1036 1038 
979 1003 1015 1027 1037 1039 
980 1004 1016 1028 1032 1036 
981 1005 1017 1029 1033 1037 
982 1006 1018 1030 1034 1038 
983 1007 1019 1031 1035 1039 
1040 1041 1042 1043 1044 1045 
1046 1047 1048 1049 1050 1051 
1040 1046 1052 1053 1054 1055 
1041 1047 1056 1057 1058 1059 
1042 1048 1052 1056 1060 1061 
1043 1049 1053 1057 1062 1063 
1044 1050 1054 1058 1060 1062 
1045 1051 1055 1059 1061 1063 
1064 1065 1066 1067 1068 1069 
1070 1071 1072 1073 1074 1075 
1064 1070 1076 1077 1078 1079 
1065 1071 1080 1081 1082 1083 
1066 1072 1076 1080 1084 1085 
1067 1073 1077 1081 1086 1087 
1068 1074 1078 1082 1084 1086 
1069 1075 1079 1083 1085 1087 
1040 1064 1088 1089 1090 1091 
1041 1065 1092 1093 1094 1095 
1042 1066 1088 1092 1096 1097 
1043 1067 1089 1093 1098 1099 
1044 1068 1090 1094 1096 1098 
1045 1069 1091 1095 1097 1099 
1046 1070 1100 1101 1102 1103 
1047 1071 1104 1105 1106 1107 
1048 1072 1100 1104 1108 1109 
1049 1073 1101 1105 1110 1111 
1050 1074 1102 1106 1108 1110 
1051 1075 1103 1107 1109 1111 
1052 1076 1088 1100 1112 1113 
1053 1077 1089 1101 1114 1115 
1054 1078 1090 1102 1112 1114 
1055 1079 1091 1103 1113 1115 
1056 1080 1092 1104 1116 1117 
1057 1081 1093 1105 1118 1119 
1058 1082 1094 1106 1116 1118 
1059 1083 1095 1107 1117 1119 
1060 1084 1096 1108 1112 1116 
1061 1085 1097 1109 1113 1117 
1062 1086 1098 1110 1114 1118 
1063 1087 1099 1111 1115 1119 
1120 1121 1122 1123 1124 1125 
1126 1127 1128 1129 1130 1131 
1120 1126 1132 1133 1134 1135 
1121 1127 1136 1137 1138 1139 
1122 1128 1132 1136 1140 1141 
1123 1129 1133 1137 1142 1143 
1124 1130 1134 1138 1140 1142 
1125 1131 1135 1139 1141 1143 
1144 1145 1146 1147 1148 1149 
1150 1151 1152 1153 1154 1155 
1144 1150 1156 1157 1158 1159 
1145 1151 1160 1161 1162 1163 
1146 1152 1156 1160 1164 1165 
1147 1153 1157 1161 1166 1167 
1148 1154 1158 1162 1164 1166 
1149 1155 1159 1163 1165 1167 
1120 1144 1168 1169 1170 1171 
1121 1145 1172 1173 1174 1175 
1122 1146 1168 1172 1176 1177 
1123 1147 1169 1173 1178 1179 
1124 1148 1170 1174 1176 1178 
1125 1149 1171 1175 1177 1179 
1126 1150 1180 1181 1182 1183 
1127 1151 1184 1185 1186 1187 
1128 1152 1180 1184 1188 1189 
1129 1153 1181 1185 1190 1191 
1130 1154 1182 1186 1188 1190 
1131 1155 1183 1187 1189 1191 
1132 1156 1168 1180 1192 1193 
1133 1157 1169 1181 1194 1195 
1134 1158 1170 1182 1192 1194 
1135 1159 1171 1183 1193 1195 
1136 1160 1172 1184 1196 1197 
1137 1161 1173 1185 1198 1199 
1138 1162 1174 1186 1196 1198 
1139 1163 1175 1187 1197 1199 
1140 1164 1176 1188 1192 1196 
1141 1165 1177 1189 1193 1197 
1142 1166 1178 1190 1194 1198 
1143 1167 1179 1191 1195 1199 
1200 1201 1202 1203 1204 1205 
1206 1207 1208 1209 1210 1211 
1200 1206 1212 1213 1214 1215 
1201 1207 1216 1217 1218 1219 
1202 1208 1212 1216 1220 1221 
1203 1209 1213 1217 1222 1223 
1204 1210 1214 1218 1220 1222 
1205 1211 1215 1219 1221 1223 
1224 1225 1226 1227 1228 1229 
1230 1231 1232 1233 1234 1235 
1224 1230 1236 1237 1238 1239 
1225 1231 1240 1241 1242 1243 
1226 1232 1236 1240 1244 1245 
1227 1233 1237 1241 1246 1247 
1228 1234 1238 1242 1244 1246 
1229 1235 1239 1243 1245 1247 
1200 1224 1248 1249 1250 1251 
1201 1225 1252 1253 1254 1255 
1202 1226 1248 1252 1256 1257 
1203 1227 1249 1253 1258 1259 
1204 1228 1250 1254 1256 1258 
1205 1229 1251 1255 1257 1259 
1206 1230 1260 1261 1262 1263 
1207 1231 1264 1265 1266 1267 
1208 1232 1260 1264 1268 1269 
1209 1233 1261 1265 1270 1271 
1210 1234 1262 1266 1268 1270 
1211 1235 1263 1267 1269 1271 
1212 1236 1248 1260 1272 1273 
1213 1237 1249 1261 1274 1275 
1214 1238 1250 1262 1272 1274 
1215 1239 1251 1263 1273 1275 
1216 1240 1252 1264 1276 1277 
1217 1241 1253 1265 1278 1279 
1218 1242 1254 1266 1276 1278 
1219 1243 1255 1267 1277 1279 
1220 1244 1256 1268 1272 1276 
1221 1245 1257 1269 1273 1277 
1222 1246 1258 1270 1274 1278 
1223 1247 1259 1271 1275 1279 
1280 1281 1282 1283 1284 1285 
1286 1287 1288 1289 1290 1291 
1280 1286 1292 1293 1294 1295 
1281 1287 1296 1297 1298 1299 
1282 1288 1292 1296 1300 1301 
1283 1289 1293 1297 1302 1303 
1284 1290 1294 1298 1300 1302 
1285 1291 1295 1299 1301 1303 
1304 1305 1306 1307 1308 1309 
1310 1311 1312 1313 1314 1315 
1304 1310 1316 1317 1318 1319 
1305 1311 1320 1321 1322 1323 
1306 1312 1316 1320 1324 1325 
1307 1313 1317 1321 1326 1327 
1308 1314 1318 1322 1324 1326 
1309 1315 1319 1323 1325 1327 
1280 1304 1328 1329 1330 1331 
1281 1305 1332 1333 1334 1335 
1282 1306 1328 1332 1336 1337 
1283 1307 1329 1333 1338 1339 
1284 1308 1330 1334 1336 1338 
1285 1309 1331 1335 1337 1339 
1286 1310 1340 1341 1342 1343 
1287 1311 1344 1345 1346 1347 
1288 1312 1340 1344 1348 1349 
1289 1313 1341 1345 1350 1351 
1290 1314 1342 1346 1348 1350 
1291 1315 1343 1347 1349 1351 
1292 1316 1328 1340 1352 1353 
1293 1317 1329 1341 1354 1355 
1294 1318 1330 1342 1352 1354 
1295 1319 1331 1343 1353 1355 
1296 1320 1332 1344 1356 1357 
1297 1321 1333 1345 1358 1359 
1298 1322 1334 1346 1356 1358 
1299 1323 1335 1347 1357 1359 
1300 1324 1336 1348 1352 1356 
1301 1325 1337 1349 1353 1357 
1302 1326 1338 1350 1354 1358 
1303 1327 1339 1351 1355 1359 
1360 1361 1362 1363 1364 1365 
1366 1367 1368 1369 1370 1371 
1360 1366 1372 1373 1374 1375 
1361 1367 1376 1377 1378 1379 
1362 1368 1372 1376 1380 1381 
1363 1369 1373 1377 1382 1383 
1364 1370 1374 1378 1380 1382 
1365 1371 1375 1379 1381 1383 
1384 1385 1386 1387 1388 1389 
1390 1391 1392 1393 1394 1395 
1384 1390 1396 1397 1398 1399 
1385 1391 1400 1401 1402 1403 
1386 1392 1396 1400 1404 1405 
1387 1393 1397 1401 1406 1407 
1388 1394 1398 1402 1404 1406 
1389 1395 1399 1403 1405 1407 
1360 1384 1408 1409 1410 1411 
1361 1385 1412 1413 1414 1415 
1362 1386 1408 1412 1416 1417 
1363 1387 1409 1413 1418 1419 
1364 1388 1410 1414 1416 1418 
1365 1389 1411 1415 1417 1419 
1366 1390 1420 1421 1422 1423 
1367 1391 1424 1425 1426 1427 
1368 1392 1420 1424 1428 1429 
1369 1393 1421 1425 1430 1431 
1370 1394 1422 1426 1428 1430 
1371 1395 1423 1427 1429 1431 
1372 1396 1408 1420 1432 1433 
1373 1397 1409 1421 1434 1435 
1374 1398 1410 1422 1432 1434 
1375 1399 1411 1423 1433 1435 
1376 1400 1412 1424 1436 1437 
1377 1401 1413 1425 1438 1439 
1378 1402 1414 1426 1436 1438 
1379 1403 1415 1427 1437 1439 
1380 1404 1416 1428 1432 1436 
1381 1405 1417 1429 1433 1437 
1382 1406 1418 1430 1434 1438 
1383 1407 1419 1431 1435 1439 
1440 1441 1442 1443 1444 1445 
1446 1447 1448 1449 1450 1451 
1440 1446 1452 1453 1454 1455 
1441 1447 1456 1457 1458 1459 
1442 1448 1452 1456 1460 1461 
1443 1449 1453 1457 1462 1463 
1444 1450 1454 1458 1460 1462 
1445 1451 1455 1459 1461 1463 
1464 1465 1466 1467 1468 1469 
1470 1471 1472 1473 1474 1475 
1464 1470 1476 1477 1478 1479 
1465 1471 1480 1481 1482 1483 
1466 1472 1476 1480 1484 1485 
1467 1473 1477 1481 1486 1487 
1468 1474 1478 1482 1484 1486 
1469 1475 1479 1483 1485 1487 
1440 1464 1488 1489 1490 1491 
1441 1465 1492 1493 1494 1495 
1442 1466 1488 1492 1496 1497 
1443 1467 1489 1493 1498 1499 
1444 1468 1490 1494 1496 1498 
1445 1469 1491 1495 1497 1499 
1446 1470 1500 1501 1502 1503 
1447 1471 1504 1505 1506 1507 
1448 1472 1500 1504 1508 1509 
1449 1473 1501 1505 1510 1511 
1450 1474 1502 1506 1508 1510 
1451 1475 1503 1507 1509 1511 
1452 1476 1488 1500 1512 1513 
1453 1477 1489 1501 1514 1515 
1454 1478 1490 1502 1512 1514 
1455 1479 1491 1503 1513 1515 
1456 1480 1492 1504 1516 1517 
1457 1481 1493 1505 1518 1519 
1458 1482 1494 1506 1516 1518 
1459 1483 1495 1507 1517 1519 
1460 1484 1496 1508 1512 1516 
1461 1485 1497 1509 1513 1517 
1462 1486 1498 1510 1514 1518 
1463 1487 1499 1511 1515 1519 
1520 1521 1522 1523 1524 1525 
1526 1527 1528 1529 1530 1531 
1520 1526 1532 1533 1534 1535 
1521 1527 1536 1537 1538 1539 
1522 1528 1532 1536 1540 1541 
1523 1529 1533 1537 1542 1543 
1524 1530 1534 1538 1540 1542 
1525 1531 1535 1539 1541 1543 
1544 1545 1546 1547 1548 1549 
1550 1551 1552 1553 1554 1555 
1544 1550 1556 1557 1558 1559 
1545 1551 1560 1561 1562 1563 
1546 1552 1556 1560 1564 1565 
1547 1553 1557 1561 1566 1567 
1548 1554 1558 1562 1564 1566 
1549 1555 1559 1563 1565 1567 
1520 1544 1568 1569 1570 1571 
1521 1545 1572 1573 1574 1575 
1522 1546 1568 1572 1576 1577 
1523 1547 1569 1573 1578 1579 
1524 1548 1570 1574 1576 1578 
1525 1549 1571 1575 1577 1579 
1526 1550 1580 1581 1582 1583 
1527 1551 1584 1585 1586 1587 
1528 1552 1580 1584 1588 1589 
1529 1553 1581 1585 1590 1591 
1530 1554 1582 1586 1588 1590 
1531 1555 1583 1587 1589 1591 
1532 1556 1568 1580 1592 1593 
1533 1557 1569 1581 1594 1595 
1534 1558 1570 1582 1592 1594 
1535 1559 1571 1583 1593 1595 
1536 1560 1572 1584 1596 1597 
1537 1561 1573 1585 1598 1599 
1538 1562 1574 1586 1596 1598 
1539 1563 1575 1587 1597 1599 
1540 1564 1576 1588 1592 1596 
1541 1565 1577 1589 1593 1597 
1542 1566 1578 1590 1594 1598 
1543 1567 1579 1591 1595 1599 
1600 1601 1602 1603 1604 1605 
1606 1607 1608 1609 1610 1611 
1600 1606 1612 1613 1614 1615 
1601 1607 1616 1617 1618 1619 
1602 1608 1612 1616 1620 1621 
1603 1609 1613 1617 1622 1623 
1604 1610 1614 1618 1620 1622 
1605 1611 1615 1619 1621 1623 
1624 1625 1626 1627 1628 1629 
1630 1631 1632 1633 1634 1635 
1624 1630 1636 1637 1638 1639 
1625 1631 1640 1641 1642 1643 
1626 1632 1636 1640 1644 1645 
1627 1633 1637 1641 1646 1647 
1628 1634 1638 1642 1644 1646 
1629 1635 1639 1643 1645 1647 
1600 1624 1648 1649 1650 1651 
1601 1625 1652 1653 1654 1655 
1602 1626 1648 1652 1656 1657 
1603 1627 1649 1653 1658 1659 
1604 1628 1650 1654 1656 1658 
1605 1629 1651 1655 1657 1659 
1606 1630 1660 1661 1662 1663 
1607 1631 1664 1665 1666 1667 
1608 1632 1660 1664 1668 1669 
1609 1633 1661 1665 1670 1671 
1610 1634 1662 1666 1668 1670 
1611 1635 1663 1667 1669 1671 
1612 1636 1648 1660 1672 1673 
1613 1637 1649 1661 1674 1675 
1614 1638 1650 1662 1672 1674 
1615 1639 1651 1663 1673 1675 
1616 1640 1652 1664 1676 1677 
1617 1641 1653 1665 1678 1679 
1618 1642 1654 1666 1676 1678 
1619 1643 1655 1667 1677 1679 
1620 1644 1656 1668 1672 1676 
1621 1645 1657 1669 1673 1677 
1622 1646 1658 1670 1674 1678 
1623 1647 1659 1671 1675 1679 
1680 1681 1682 1683 1684 1685 
1686 1687 1688 1689 1690 1691 
1680 1686 1692 1693 1694 1695 
1681 1687 1696 1697 1698 1699 
1682 1688 1692 1696 1700 1701 
1683 1689 1693 1697 1702 1703 
1684 1690 1694 1698 1700 1702 
1685 1691 1695 1699 1701 1703 
1704 1705 1706 1707 1708 1709 
1710 1711 1712 1713 1714 1715 
1704 1710 1716 1717 1718 1719 
1705 1711 1720 1721 1722 1723 
1706 1712 1716 1720 1724 1725 
1707 1713 1717 1721 1726 1727 
1708 1714 1718 1722 1724 1726 
1709 1715 1719 1723 1725 1727 
1680 1704 1728 1729 1730 1731 
1681 1705 1732 1733 1734 1735 
1682 1706 1728 1732 1736 1737 
1683 1707 1729 1733 1738 1739 
1684 1708 1730 1734 1736 1738 
1685 1709 1731 1735 1737 1739 
1686 1710 1740 1741 1742 1743 
1687 1711 1744 1745 1746 1747 
1688 1712 1740 1744 1748 1749 
1689 1713 1741 1745 1750 1751 
1690 1714 1742 1746 1748 1750 
1691 1715 1743 1747 1749 1751 
1692 1716 1728 1740 1752 1753 
1693 1717 1729 1741 1754 1755 
1694 1718 1730 1742 1752 1754 
1695 1719 1731 1743 1753 1755 
1696 1720 1732 1744 1756 1757 
1697 1721 1733 1745 1758 1759 
1698 1722 1734 1746 1756 1758 
1699 1723 1735 1747 1757 1759 
1700 1724 1736 1748 1752 1756 
1701 1725 1737 1749 1753 1757 
1702 1726 1738 1750 1754 1758 
1703 1727 1739 1751 1755 1759 

0 1 2 3 4 5 6 7 
8 9 10 11 12 13 14 15 
0 8 16 17 18 19 20 21 
1 9 22 23 24 25 26 27 
2 10 16 22 28 29 30 31 
3 11 17 23 32 33 34 35 
4 12 18 24 28 32 36 37 
5 13 19 25 29 33 38 39 
6 14 20 26 30 34 36 38 
7 15 21 27 31 35 37 39 
40 41 42 43 44 45 46 47 
48 49 50 51 52 53 54 55 
40 48 56 57 58 59 60 61 
41 49 62 63 64 65 66 67 
42 50 56 62 68 69 70 71 
43 51 57 63 72 73 74 75 
44 52 58 64 68 72 76 77 
45 53 59 65 69 73 78 79 
46 54 60 66 70 74 76 78 
47 55 61 67 71 75 77 79 
80 81 82 83 84 85 86 87 
88 89 90 91 92 93 94 95 
80 88 96 97 98 99 100 101 
81 89 102 103 104 105 106 107 
82 90 96 102 108 109 110 111 
83 91 97 103 112 113 114 115 
84 92 98 104 108 112 116 117 
85 93 99 105 109 113 118 119 
86 94 100 106 110 114 116 118 
87 95 101 107 111 115 117 119 
120 121 122 123 124 125 126 127 
128 129 130 131 132 133 134 135 
120 128 136 137 138 139 140 141 
121 129 142 143 144 145 146 147 
122 130 136 142 148 149 150 151 
123 131 137 143 152 153 154 155 
124 132 138 144 148 152 156 157 
125 133 139 145 149 153 158 159 
126 134 140 146 150 154 156 158 
127 135 141 147 151 155 157 159 
160 161 162 163 164 165 166 167 
168 169 170 171 172 173 174 175 
160 168 176 177 178 179 180 181 
161 169 182 183 184 185 186 187 
162 170 176 182 188 189 190 191 
163 171 177 183 192 193 194 195 
164 172 178 184 188 192 196 197 
165 173 179 185 189 193 198 199 
166 174 180 186 190 194 196 198 
167 175 181 187 191 195 197 199 
200 201 202 203 204 205 206 207 
208 209 210 211 212 213 214 215 
200 208 216 217 218 219 220 221 
201 209 222 223 224 225 226 227 
202 210 216 222 228 229 230 231 
203 211 217 223 232 233 234 235 
204 212 218 224 228 232 236 237 
205 213 219 225 229 233 238 239 
206 214 220 226 230 234 236 238 
207 215 221 227 231 235 237 239 
240 241 242 243 244 245 246 247 
248 249 250 251 252 253 254 255 
240 248 256 257 258 259 260 261 
241 249 262 263 264 265 266 267 
242 250 256 262 268 269 270 271 
243 251 257 263 272 273 274 275 
244 252 258 264 268 272 276 277 
245 253 259 265 269 273 278 279 
246 254 260 266 270 274 276 278 
247 255 261 267 271 275 277 279 
280 281 282 283 284 285 286 287 
288 289 290 291 292 293 294 295 
280 288 296 297 298 299 300 301 
281 289 302 303 304 305 306 307 
282 290 296 302 308 309 310 311 
283 291 297 303 312 313 314 315 
284 292 298 304 308 312 316 317 
285 293 299 305 309 313 318 319 
286 294 300 306 310 314 316 318 
287 295 301 307 311 315 317 319 
320 321 322 323 324 325 326 327 
328 329 330 331 332 333 334 335 
320 328 336 337 338 339 340 341 
321 329 342 343 344 345 346 347 
322 330 336 342 348 349 350 351 
323 331 337 343 352 353 354 355 
324 332 338 344 348 352 356 357 
325 333 339 345 349 353 358 359 
326 334 340 346 350 354 356 358 
327 335 341 347 351 355 357 359 
360 361 362 363 364 365 366 367 
368 369 370 371 372 373 374 375 
360 368 376 377 378 379 380 381 
361 369 382 383 384 385 386 387 
362 370 376 382 388 389 390 391 
363 371 377 383 392 393 394 395 
364 372 378 384 388 392 396 397 
365 373 379 385 389 393 398 399 
366 374 380 386 390 394 396 398 
367 375 381 387 391 395 397 399 
400 401 402 403 404 405 406 407 
408 409 410 411 412 413 414 415 
400 408 416 417 418 419 420 421 
401 409 422 423 424 425 426 427 
402 410 416 422 428 429 430 431 
403 411 417 423 432 433 434 435 
404 412 418 424 428 432 436 437 
405 413 419 425 429 433 438 439 
406 414 420 426 430 434 436 438 
407 415 421 427 431 435 437 439 
440 441 442 443 444 445 446 447 
448 449 450 451 452 453 454 455 
440 448 456 457 458 459 460 461 
441 449 462 463 464 465 466 467 
442 450 456 462 468 469 470 471 
443 451 457 463 472 473 474 475 
444 452 458 464 468 472 476 477 
445 453 459 465 469 473 478 479 
446 454 460 466 470 474 476 478 
447 455 461 467 471 475 477 479 
480 481 482 483 484 485 486 487 
488 489 490 491 492 493 494 495 
480 488 496 497 498 499 500 501 
481 489 502 503 504 505 506 507 
482 490 496 502 508 509 510 511 
483 491 497 503 512 513 514 515 
484 492 498 504 508 512 516 517 
485 493 499 505 509 513 518 519 
486 494 500 506 510 514 516 518 
487 495 501 507 511 515 517 519 
520 521 522 523 524 525 526 527 
528 529 530 531 532 533 534 535 
520 528 536 537 538 539 540 541 
521 529 542 543 544 545 546 547 
522 530 536 542 548 549 550 551 
523 531 537 543 552 553 554 555 
524 532 538 544 548 552 556 557 
525 533 539 545 549 553 558 559 
526 534 540 546 550 554 556 558 
527 535 541 547 551 555 557 559 
560 561 562 563 564 565 566 567 
568 569 570 571 572 573 574 575 
560 568 576 577 578 579 580 581 
561 569 582 583 584 585 586 587 
562 570 576 582 588 589 590 591 
563 571 577 583 592 593 594 595 
564 572 578 584 588 592 596 597 
565 573 579 585 589 593 598 599 
566 574 580 586 590 594 596 598 
567 575 581 587 591 595 597 599 
600 601 602 603 604 605 606 607 
608 609 610 611 612 613 614 615 
600 608 616 617 618 619 620 621 
601 609 622 623 624 625 626 627 
602 610 616 622 628 629 630 631 
603 611 617 623 632 633 634 635 
604 612 618 624 628 632 636 637 
605 613 619 625 629 633 638 639 
606 614 620 626 630 634 636 638 
607 615 621 627 631 635 637 639 
640 641 642 643 644 645 646 647 
648 649 650 651 652 653 654 655 
640 648 656 657 658 659 660 661 
641 649 662 663 664 665 666 667 
642 650 656 662 668 669 670 671 
643 651 657 663 672 673 674 675 
644 652 658 664 668 672 676 677 
645 653 659 665 669 673 678 679 
646 654 660 666 670 674 676 678 
647 655 661 667 671 675 677 679 
680 681 682 683 684 685 686 687 
688 689 690 691 692 693 694 695 
680 688 696 697 698 699 700 701 
681 689 702 703 704 705 706 707 
682 690 696 702 708 709 710 711 
683 691 697 703 712 713 714 715 
684 692 698 704 708 712 716 717 
685 693 699 705 709 713 718 719 
686 694 700 706 710 714 716 718 
687 695 701 707 711 715 717 719 
720 721 722 723 724 725 726 727 
728 729 730 731 732 733 734 735 
720 728 736 737 738 739 740 741 
721 729 742 743 744 745 746 747 
722 730 736 742 748 749 750 751 
723 731 737 743 752 753 754 755 
724 732 738 744 748 752 756 757 
725 733 739 745 749 753 758 759 
726 734 740 746 750 754 756 758 
727 735 741 747 751 755 757 759 
760 761 762 763 764 765 766 767 
768 769 770 771 772 773 774 775 
760 768 776 777 778 779 780 781 
761 769 782 783 784 785 786 787 
762 770 776 782 788 789 790 791 
763 771 777 783 792 793 794 795 
764 772 778 784 788 792 796 797 
765 773 779 785 789 793 798 799 
766 774 780 786 790 794 796 798 
767 775 781 787 791 795 797 799 
800 801 802 803 804 805 806 807 
808 809 810 811 812 813 814 815 
800 808 816 817 818 819 820 821 
801 809 822 823 824 825 826 827 
802 810 816 822 828 829 830 831 
803 811 817 823 832 833 834 835 
804 812 818 824 828 832 836 837 
805 813 819 825 829 833 838 839 
806 814 820 826 830 834 836 838 
807 815 821 827 831 835 837 839 
840 841 842 843 844 845 846 847 
848 849 850 851 852 853 854 855 
840 848 856 857 858 859 860 861 
841 849 862 863 864 865 866 867 
842 850 856 862 868 869 870 871 
843 851 857 863 872 873 874 875 
844 852 858 864 868 872 876 877 
845 853 859 865 869 873 878 879 
846 854 860 866 870 874 876 878 
847 855 861 867 871 875 877 879 

0 1 2 3 4 5 6 7 8 9 
10 11 12 13 14 15 16 17 18 19 
20 21 22 23 24 25 26 27 28 29 
30 31 32 33 34 35 36 37 38 39 
40 41 42 43 44 45 46 47 48 49 
50 51 52 53 54 55 56 57 58 59 
60 61 62 63 64 65 66 67 68 69 
70 71 72 73 74 75 76 77 78 79 
80 81 82 83 84 85 86 87 88 89 
90 91 92 93 94 95 96 97 98 99 
100 101 102 103 104 105 106 107 108 109 
110 111 112 113 114 115 116 117 118 119 
120 121 122 123 124 125 126 127 128 129 
130 131 132 133 134 135 136 137 138 139 
140 141 142 143 144 145 146 147 148 149 
150 151 152 153 154 155 156 157 158 159 
160 161 162 163 164 165 166 167 168 169 
170 171 172 173 174 175 176 177 178 179 
180 181 182 183 184 185 186 187 188 189 
190 191 192 193 194 195 196 197 198 199 
200 201 202 203 204 205 206 207 208 209 
210 211 212 213 214 215 216 217 218 219 

