0.02432 24.32
0.05264 24.82
0.0568 25.7775
0.08096 26.0953
0.08512 26.8934
0.08928 27.5917
0.09344 28.7228
0.10928 28.6724
0.11344 29.1484
0.1176 29.5648
0.12176 30.4492
0.12592 31.2231
0.13008 32.4202
0.13424 33.4677
0.1384 34.9042
0.14256 34.7012
0.14672 35.0435
0.15088 35.3431
0.15504 36.1252
0.1592 36.8096
0.16336 37.9284
0.16752 38.9073
0.17168 40.2839
0.17584 41.4884
0.18 43.0624
0.18416 44.4396
0.18832 46.1646
0.19248 47.674
0.19664 49.5148
0.21744 53.7254
0.2216 57.9298
0.22576 62.1285
0.22992 66.3225
0.23408 70.5122
0.23824 74.6981
0.2424 78.8809
0.24656 83.0608
0.25072 87.2382
0.25488 91.4134
0.25904 95.5867
0.2632 99.2384
0.29272 106.124
0.29688 112.148
0.32104 120.44
0.3252 127.695
0.32936 134.563
0.33352 140.572
0.35432 147.911
0.35848 154.852
0.3668 156.766
0.37096 158.96
0.37928 161.92
0.38344 165.03
0.39176 168.791
0.39592 172.602
0.44168 181.657
0.61224 189.63
0.66216 202.846
0.66632 214.93
0.71624 231.744
0.7204 246.976
0.72872 261.344
0.77448 279.636
0.77864 296.162
0.82856 316.861
0.83688 336.014
1.17384 394.892
1.22376 452.65
1.22792 452.229
1.27784 458.101
1.28616 408.118
1.29032 364.903
1.33608 326.57
1.34856 293.549
1.39016 269.855
1.4068 251.203
1.41096 235.403
1.4484 226.258
1.4692 220.855
1.6564 224.449
1.70632 202.632
1.71048 184.063
1.7604 167.815
1.76872 154.119
1.81448 141.614
1.81864 131.192
1.83112 122.593
1.87272 114.549
1.88104 108.03
1.9268 108.046
1.93928 109.621
1.98088 116.198
1.99752 124.033
2.03496 135.569
2.08904 137.343
2.0932 139.415
2.14312 128.748
2.14728 119.935
2.1556 112.743
2.20552 105.93
2.20968 100.489
2.2596 101.968
2.26792 104.302
2.27208 106.864
2.31784 114.826
2.33032 123.353
2.51752 139.134
2.56744 127.982
2.5716 118.744
2.62152 110.661
2.62984 104.109
2.6756 97.855
2.67976 92.9031
2.69224 89.0902
2.73384 85.2339
2.74216 82.3797
2.78792 85.6022
2.8004 89.982
2.842 99.0142
2.85864 108.997
2.89608 122.413
2.95016 125.831
2.95432 129.342
3.00424 119.934
3.0084 112.223
3.01672 105.995
3.06664 100.025
3.0708 95.3223
3.12072 97.447
3.12904 100.346
3.1332 103.403
3.17896 111.798
3.19144 120.703
3.37864 136.815
3.42856 125.953
3.43272 116.969
3.48264 109.108
3.49096 102.749
3.53672 96.6657
3.54088 91.8625
3.55336 88.1797
3.59496 84.4372
3.60328 81.6826
3.64904 84.9922
3.66152 89.4482
3.70312 98.5472
3.71976 108.589
3.7572 122.055
3.81128 125.518
3.81544 129.069
3.86536 119.695
3.86952 112.013
3.87784 105.811
3.92776 99.865
3.93192 95.1819
3.98184 97.3241
3.99016 100.239
3.99432 103.309
4.04008 111.715
4.05256 120.631
4.23976 136.752
4.28968 125.898
4.29384 116.921
4.34376 109.066
4.35208 102.712
4.39784 96.6334
4.402 91.8342
4.41448 88.1549
4.45608 84.4156
4.4644 81.6636
4.51016 84.9757
4.52264 89.4337
4.56424 98.5345
4.58088 108.578
4.61832 122.045
4.6724 125.51
4.67656 129.061
4.72648 119.688
4.73064 112.007
4.73896 105.806
4.78888 99.8606
4.79304 95.1781
4.84296 97.3208
4.85128 100.236
4.85544 103.306
4.9012 111.713
4.91368 120.629
5.10088 136.75
5.1508 125.896
5.15496 116.919
5.20488 109.064
5.2132 102.711
5.25896 96.6325
5.26312 91.8334
5.2756 88.1542
5.3172 84.415
5.32552 81.6631
5.37128 84.9752
5.38376 89.4333
5.42536 98.5341
5.442 108.577
5.47944 122.045
5.53352 125.51
5.53768 129.061
5.5876 119.688
5.59176 112.007
5.60008 105.806
5.65 99.8605
5.65416 95.178
5.70408 97.3207
5.7124 100.236
5.71656 103.306
5.76232 111.713
5.7748 120.629
5.962 136.75
6.01192 125.896
6.01608 116.919
6.066 109.064
6.07432 102.711
6.12008 96.6325
6.12424 91.8334
6.13672 88.1542
6.17832 84.415
6.18664 81.6631
6.2324 84.9752
6.24488 89.4333
6.28648 98.5341
6.30312 108.577
6.34056 122.045
6.39464 125.51
6.3988 129.061
6.44872 119.688
6.45288 112.007
6.4612 105.806
6.51112 99.8605
6.51528 95.178
6.5652 97.3207
6.57352 100.236
6.57768 103.306
6.62344 111.713
6.63592 120.629
6.82312 136.75
6.87304 125.896
6.8772 116.919
6.92712 109.064
6.93544 102.711
6.9812 96.6325
6.98536 91.8334
6.99784 88.1542
7.03944 84.415
7.04776 81.6631
7.09352 84.9752
7.106 89.4333
7.1476 98.5341
7.16424 108.577
7.20168 122.045
7.25576 125.51
7.25992 129.061
7.30984 119.688
7.314 112.007
7.32232 105.806
7.37224 99.8605
7.3764 95.178
7.42632 97.3207
7.43464 100.236
7.4388 103.306
7.48456 111.713
7.49704 120.629
7.68424 136.75
7.73416 125.896
7.73832 116.919
7.78824 109.064
7.79656 102.711
7.84232 96.6325
7.84648 91.8334
7.85896 88.1542
7.90056 84.415
7.90888 81.6631
7.95464 84.9752
7.96712 89.4333
8.00872 98.5341
8.02536 108.577
8.0628 122.045
8.11688 125.51
8.12104 129.061
8.17096 119.688
8.17512 112.007
8.18344 105.806
8.23336 99.8605
8.23752 95.178
8.28744 97.3207
8.29576 100.236
8.29992 103.306
8.34568 111.713
8.35816 120.629
8.54536 136.75
8.59528 125.896
8.59944 116.919
8.64936 109.064
8.65768 102.711
8.70344 96.6325
8.7076 91.8334
8.72008 88.1542
8.76168 84.415
8.77 81.6631
8.81576 84.9752
8.82824 89.4333
8.86984 98.5341
8.88648 108.577
8.92392 122.045
8.978 125.51
8.98216 129.061
9.03208 119.688
9.03624 112.007
9.04456 105.806
9.09448 99.8605
9.09864 95.178
9.14856 97.3207
9.15688 100.236
9.16104 103.306
9.2068 111.713
9.21928 120.629
9.40648 136.75
9.4564 125.896
9.46056 116.919
9.51048 109.064
9.5188 102.711
9.56456 96.6325
9.56872 91.8334
9.5812 88.1542
9.6228 84.415
9.63112 81.6631
9.67688 84.9752
9.68936 89.4333
9.73096 98.5341
9.7476 108.577
9.78504 122.045
9.83912 125.51
9.84328 129.061
9.8932 119.688
9.89736 112.007
9.90568 105.806
9.9556 99.8605
9.95976 95.178
